10,16,20.4,40.6,51.7,76.4,114.2,63.6,95.5,109.7
11,17.6,22.4,44.7,56.9,84,125.6,70,105.1,229.2
12.1,19.4,24.6,49.2,62.6,92.4,138.2,77,115.6,369.2
13.3,21.3,27,54.1,68.8,101.6,151.9,84.6,127.1,426.7
14.6,23.4,29.6,59.4,75.5,111.5,166.7,92.9,139.5,457.6
16,25.6,32.4,65.1,82.7,122.2,182.7,101.8,152.9,596.2
17.5,28,35.4,71.2,90.5,133.7,199.8,111.3,167.2,634.6
19.1,30.6,38.6,77.7,98.8,145.9,218.1,121.5,182.5,674.6
20.8,33.3,42,84.6,107.6,158.9,237.5,132.3,198.7,747.3
22.6,36.2,45.6,91.9,116.9,172.7,258.1,143.7,215.9,897.8
24.5,39.2,49.4,99.6,126.7,187.2,279.8,155.8,234.1,975.9
26.5,42.4,53.4,107.7,137,202.5,302.6,168.5,253.2,1056.3
28.6,45.8,57.6,116.2,147.9,218.5,326.6,181.9,273.3,1139.0
30.8,49.3,62,125.1,159.3,235.3,351.7,195.9,294.3,1224.0
33.1,53,66.6,134.4,171.2,252.9,378,210.5,316.3,1683.8
35.5,56.8,71.4,144.1,183.6,271.2,405.4,225.8,339.2,1782.8
38,60.8,76.4,154.2,196.5,290.3,433.9,241.7,363.1,1884.2
40.6,65,81.6,164.8,209.9,310.2,463.6,258.2,387.9,1988.0
43.3,69.3,87,175.8,223.9,330.8,494.4,275.4,413.7,2094.1
46.1,73.8,92.6,187.2,238.4,352.2,526.4,293.2,440.5,2660.3
49,78.4,98.4,199,253.4,374.4,559.5,311.6,468.2,2780.8
52,83.2,104.4,211.2,268.9,397.3,593.8,330.7,496.9,2903.7
55.1,88.2,110.6,223.8,284.9,421,629.2,350.4,526.5,3029.0
58.3,93.3,117,236.8,301.4,445.5,665.7,370.8,557.1,3156.7
64.7,103.5,129.8,262.8,334.5,494.4,738.8,411.5,618.3,3286.8
71.2,113.9,142.8,289.2,368.1,544.1,813,452.8,680.4,3539.3
77.8,124.5,156,316,402.2,594.5,888.4,494.8,743.5,3794.3
84.5,135.2,169.4,343.2,436.8,645.7,964.9,537.4,807.5,4051.8
91.3,146.1,183,370.8,471.9,697.7,1042.5,580.6,872.5,5227.2
98.2,157.1,196.8,398.8,507.6,750.4,1121.3,624.5,938.4,5488.9
105.2,168.3,210.8,427.2,543.8,803.9,1201.2,669,1005.3,5753.0
112.3,179.7,225,456,580.5,858.2,1282.3,714.2,1073.1,6020.0
119.5,191.2,239.4,485.2,617.7,913.2,1364.5,760,1141.9,6289.8
126.8,202.9,254,514.8,655.4,969,1447.9,806.4,1211.7,6562.4
134.2,214.7,268.8,544.8,693.6,1025.6,1532.4,853.5,1282.4,6837.8
141.7,226.7,283.8,575.2,732.4,1082.9,1618,901.2,1354.1,7116.0
149.3,238.9,299,606,771.7,1141,1704.8,949.5,1426.7,7397.0
157,251.2,314.4,637.3,811.5,1199.8,1792.7,998.5,1500.3,7680.8
164.8,263.7,330,669,851.8,1259.4,1881.8,1048.1,1574.8,7967.3
172.7,276.3,345.8,701.1,892.6,1319.8,1972,1098.3,1650.3,8834.6
180.7,289.1,361.8,733.6,933.9,1380.9,2063.3,1149.2,1726.7,9132.7
188.8,302.1,378,766.5,975.8,1442.8,2155.8,1200.7,1804.1,9433.7
197,315.2,394.4,799.8,1018.2,1505.5,2249.4,1252.8,1882.5,9737.6
205.3,328.5,411,833.5,1061.1,1568.9,2344.2,1305.6,1961.8,10044.5
213.7,341.9,427.8,867.6,1104.5,1633.1,2440.1,1359,2042.1,11301.3
222.2,355.5,444.8,902.1,1148.4,1698.1,2537.2,1413.1,2123.3,11622.8
230.8,369.3,462,937,1192.8,1763.8,2635.4,1467.8,2205.5,11947.2
239.5,383.2,479.4,972.3,1237.8,1830.3,2734.7,1523.1,2288.6,12274.5
248.3,397.3,497,1008,1283.3,1897.5,2835.2,1579.1,2372.7,12604.7
265.9,425.5,532.2,1079.4,1374.3,2032,3036.2,1691,2540.9,16429.9
283.6,453.8,567.6,1151.3,1465.8,2167.3,3238.3,1803.6,2710,16795.2
301.4,482.3,603.2,1223.6,1557.8,2303.3,3441.5,1916.8,2880.1,17163.4
319.3,510.9,639,1296.3,1650.3,2440.1,3645.9,2030.6,3051.1,17534.6
337.3,539.7,675,1369.4,1743.3,2577.6,3851.4,2145.1,3223.1,17908.8
355.4,568.7,711.2,1442.9,1836.8,2715.9,4058.1,2260.2,3396.1,18286.0
373.6,597.8,747.6,1516.8,1930.9,2855,4265.9,2375.9,3570,18666.2
391.9,627.1,784.2,1591.1,2025.5,2994.8,4474.8,2492.3,3744.9,19049.4
410.3,656.5,821,1665.8,2120.6,3135.4,4684.9,2609.3,3920.7,19435.7
428.8,686.1,858,1740.9,2216.2,3276.8,4896.1,2727,4097.5,19825.0
447.4,715.9,895.2,1816.4,2312.3,3418.9,5108.5,2845.3,4275.2,20217.4
466.1,745.8,932.6,1892.3,2409,3561.8,5322,2964.2,4453.9,20612.9
484.9,775.9,970.2,1968.6,2506.2,3705.4,5536.6,3083.7,4633.5,21011.5
503.8,806.1,1008,2045.3,2603.9,3849.8,5752.4,3203.9,4814.1,21413.2
522.8,836.5,1046,2122.4,2702.1,3995,5969.3,3324.7,4995.6,21818.0
541.9,867.1,1084.2,2199.9,2800.8,4140.9,6187.4,3446.2,5178.1,23468.8
561.1,897.8,1122.6,2277.8,2900,4287.6,6406.6,3568.3,5361.6,23889.3
580.4,928.7,1161.2,2356.2,2999.8,4435.1,6627,3691,5546,24313.0
599.8,959.7,1200,2435,3100.1,4583.4,6848.5,3814.4,5731.4,24739.9
619.3,990.9,1239,2514.2,3200.9,4732.4,7071.1,3938.4,5917.7,25169.9
638.9,1022.3,1278.2,2593.8,3302.2,4882.2,7294.9,4063.1,6105,25563.0
658.6,1053.8,1317.6,2673.8,3404,5032.7,7519.8,4188.4,6293.2,25999.2
678.4,1085.5,1357.2,2754.2,3506.3,5184,7745.8,4314.3,6482.4,26438.6
698.3,1117.3,1397,2835,3609.1,5336,7973,4440.8,6672.5,26881.2
718.3,1149.3,1437,2916.2,3712.5,5488.8,8201.3,4568,6863.6,27327.0
758.3,1213.3,1517,3078.6,3919.2,5794.5,8658,4822.4,7245.8,27776.2
798.4,1277.5,1597.2,3241.4,4126.4,6100.9,9115.8,5077.4,7629,28228.6
838.6,1341.8,1677.6,3404.6,4334.2,6408.1,9574.8,5333,8013.1,28684.3
878.9,1406.3,1758.2,3568.2,4542.5,6716.1,10035,5589.3,8398.2,29143.2
919.3,1470.9,1839,3732.2,4751.3,7024.8,10496.3,5846.2,8784.3,29505.4
959.8,1535.7,1920,3896.6,4960.6,7334.3,10958.8,6103.8,9171.3,29870.9
1000.4,1600.7,2001.2,4061.4,5170.4,7644.5,11422.4,6362,9559.2,31366.3
1041.1,1665.8,2082.6,4226.6,5380.7,7955.5,11887.1,6620.8,9948.1,31748.6
1081.9,1731.1,2164.2,4392.2,5591.6,8267.3,12353,6880.3,10338,32134.3
1122.8,1796.5,2246,4558.2,5803,8579.8,12819.9,7140.4,10728.8,32523.4
1163.8,1862.1,2328,4724.7,6014.9,8893.1,13288.1,7401.2,11120.6,32915.9
1204.9,1927.9,2410.2,4891.6,6227.3,9207.2,13757.4,7662.6,11513.4,33311.8
1246.1,1993.8,2492.6,5058.8,6440.2,9522,14227.8,7924.6,11907,33711.2
1287.4,2059.9,2575.2,5226.4,6653.6,9837.6,14699.3,8187.2,12301.6,34114.0
1328.8,2126.1,2658,5394.5,6867.6,10154,15172,8450.5,12697.2,34520.4
1370.3,2192.5,2741,5563,7082.1,10471.1,15645.8,8714.4,13093.7,34930.2
1411.9,2259.1,2824.2,5731.9,7297.1,10789,16120.8,8979,13491.2,35343.5
1453.6,2325.8,2907.6,5901.2,7512.6,11107.6,16596.8,9244.1,13889.6,35760.2
1495.4,2392.7,2991.2,6070.9,7728.7,11427.1,17074.1,9510,14289.1,37031.5
1537.3,2459.7,3075,6241,7945.3,11747.3,17552.5,9776.5,14689.5,37462.4
1579.3,2526.9,3159,6411.5,8162.4,12068.2,18032,10043.6,15090.8,37896.8
1621.4,2594.3,3243.2,6582.4,8380,12389.9,18512.7,10311.4,15493.1,39221.6
1663.6,2661.8,3327.6,6753.7,8598.1,12712.4,18994.6,10579.8,15896.4,39670.4
1705.9,2729.5,3412.2,6925.4,8816.7,13035.7,19477.6,10848.8,16300.6,41038.4
1748.3,2797.3,3497,7097.5,9035.8,13359.6,19961.6,11118.4,16705.7,42439.2
1833.1,2933,3666.6,7441.7,9474,14007.5,20929.7,11657.6,17515.9,42913.4
1918,3068.8,3836.4,7786.3,9912.7,14656.2,21899,12197.5,18327.1,43391.4
2003,3204.8,4006.4,8131.4,10352,15305.8,22869.6,12738.1,19139.4,43872.9
2088.1,3341,4176.6,8476.9,10791.9,15956.1,23841.3,13279.3,19952.6,44358.2
2173.3,3477.3,4347,8822.8,11232.2,16607.1,24814,13821.1,20766.7,44847.0
2258.6,3613.8,4517.6,9169.1,11673.1,17258.9,25787.9,14363.6,21581.8,45339.5
2344,3750.4,4688.4,9515.8,12114.5,17911.5,26762.9,14906.7,22397.8,45835.7
2429.5,3887.2,4859.4,9862.9,12556.4,18564.9,27739.2,15450.5,23214.9,48990.9
2515.1,4024.1,5030.6,10210.4,12998.8,19218.9,28716.5,15994.8,24032.8,49613.2
2600.8,4161.2,5202,10558.3,13441.7,19873.7,29694.9,16539.7,24851.6,52139.4
2686.6,4298.5,5373.6,10906.6,13885.1,20529.3,30674.5,17085.3,25671.5,52780.2
2772.5,4435.9,5545.4,11255.3,14329,21185.6,31655.2,17631.5,26492.2,53424.7
2858.5,4573.5,5717.4,11604.4,14773.5,21842.8,32637.1,18178.4,27314,54072.8
2944.6,4711.3,5889.6,11953.9,15218.5,22500.7,33620.1,18725.9,28136.7,54724.6
3030.8,4849.2,6062,12303.8,15663.9,23159.3,34604.2,19274,28960.3,55380.0
3117.1,4987.3,6234.6,12654.1,16109.9,23818.6,35589.4,19822.7,29784.8,57368.6
3203.5,5125.5,6407.4,13004.9,16556.5,24478.9,36575.9,20372.2,30610.4,58038.9
3290,5263.9,6580.4,13356,17003.5,25139.8,37563.4,20922.2,31436.9,58712.9
3376.6,5402.4,6753.6,13707.5,17451,25801.5,38552.1,21472.9,32264.3,59390.5
3463.3,5541.1,6927,14059.5,17899.1,26464.1,39542.1,22024.3,33092.8,60071.8
3550.1,5680,7100.6,14411.8,18347.7,27127.3,40533,22576.2,33922.1,60756.9
3637,5819,7274.4,14764.6,18796.9,27791.4,41525.2,23128.9,34752.5,61445.7
3724,5958.2,7448.4,15117.8,19246.5,28456.2,42518.5,23682.1,35583.8,62138.2
3811.1,6097.6,7622.6,15471.4,19696.7,29121.8,43513,24236,36416.1,62834.5
3898.3,6237.1,7797,15825.4,20147.4,29788.1,44508.6,24790.5,37249.3,63534.5
4072.7,6516.1,8145.8,16533.4,21048.8,31120.8,46499.9,25899.6,38915.8,64238.4
4247.2,6795.3,8494.8,17241.9,21950.7,32454.3,48492.4,27009.4,40583.3,64946.0
4421.8,7074.7,8844,17950.7,22853.1,33788.5,50485.9,28119.8,42251.7,68540.5
4596.5,7354.2,9193.4,18659.9,23756,35123.5,52480.6,29230.8,43921.1,69270.7
4771.3,7633.9,9543,19369.5,24659.4,36459.2,54476.4,30342.4,45591.4,72229.5
4946.2,7913.8,9892.8,20079.6,25563.4,37795.8,56473.5,31454.8,47262.8,75248.8
5121.2,8193.8,10242.8,20790,26467.8,39133,58471.5,32567.7,48935,76013.1
5296.3,8473.9,10593,21500.8,27372.7,40471,60470.6,33681.2,50608.1,76781.2
5471.5,8754.2,10943.4,22212,28278.2,41809.8,62471,34795.4,52282.2,77553.1
5646.8,9034.7,11294,22923.7,29184.2,43149.4,64472.6,35910.2,53957.3,78328.8
5822.2,9315.3,11644.8,23635.7,30090.7,44489.6,66475.1,37025.6,55633.2,79108.4
5997.7,9596.1,11995.8,24348.1,30997.6,45830.5,68478.7,38141.6,57310,79891.7
6173.3,9877.1,12347,25061,31905.2,47172.4,70483.8,39258.4,58988,80678.8
6349,10158.2,12698.4,25774.2,32813.2,48514.9,72489.8,40375.7,60666.8,81469.7
6524.8,10439.5,13050,26487.9,33721.8,49858.3,74497,41493.7,62346.7,82264.5
6700.7,10720.9,13401.8,27202,34630.9,51202.5,76505.4,42612.4,64027.6,83063.1
6876.7,11002.5,13753.9,27916.6,35540.7,52547.6,78515.2,43731.8,65709.6,83865.6
7052.8,11284.3,14106.1,28631.5,36450.9,53893.3,80526,44851.8,67392.4,87113.7
7229,11566.2,14458.5,29346.7,37361.4,55239.6,82537.5,45972.2,69075.9,87935.3
7405.3,11848.3,14811.1,30062.5,38272.6,56586.9,84550.6,47093.5,70760.7,88760.8
7581.7,12130.5,15163.9,30778.6,39184.3,57934.8,86564.6,48215.3,72446.2,89690.2
7758.2,12412.9,15516.9,31495.1,40096.5,59283.5,88579.8,49337.8,74132.7,90623.5
7934.8,12695.4,15870.1,32211.9,41009.1,60632.8,90595.9,50460.7,75820,91560.8
8111.5,12978.1,16223.5,32929.3,41922.4,61983.1,92613.5,51584.5,77508.5,92501.8
8288.3,13261,16577.2,33647.2,42836.3,63334.3,94632.5,52709,79198.2,93446.7
8641.9,13826.7,17284.4,35082.6,44663.7,66036.1,98669.5,54957.6,82576.8,94432.7
