0,1,2,3,9,8,10,11,12,13,14,15,5,17,6,16,4,18,7,19,20,21,22,23,24,25,26,27,28,29
2,21,13,32,13,58,187,649,108,338,7767,3422,14691,5774,20694,20786,37415,126276,11365,121227,1044718,306856,3314045,932075,17050757.9,63940342.6,61656758.8,153028670.9,26968666.6,112369443.6
2.2,23.1,14.3,35.2,14.3,63.8,205.7,713.9,118.8,371.8,8543.7,3764.2,16160.1,6351.4,22763.4,22864.6,41156.5,138903.6,12501.5,133349.7,1149189.8,337541.6,3645449.5,1025282.5,18442656.5,69159962.4,66689963.6,165520807.3,29170190.4,121542459.4
2.4,25.4,15.7,38.7,15.7,70.2,226.3,785.3,130.7,409,9398.1,4140.6,17776.1,6986.5,25039.7,25151.1,45272.2,152794,13751.7,146684.7,1264108.8,371295.8,4009994.5,1127810.8,19904150,74640563.1,71974828.6,178637550.5,31481790.3,131174125.9
2.7,27.9,17.3,42.6,17.3,77.1,248.7,863.2,143.6,449.5,10330.1,4551.3,19539,7679.4,27523,27645.4,49762,167947.1,15115.5,161231.9,1389474.9,408118.5,4407679.9,1239659.8,21435238.4,80382144.9,77511353.9,192378900.6,33903466.5,141264443.3
2.9,30.7,19,46.7,19,84.7,273,947.5,157.7,493.5,11339.8,4996.1,21448.9,8430,30213.2,30347.6,54625.9,184363,16592.9,176991.4,1525288.3,448009.8,4838505.7,1360829.5,23035921.8,86384707.7,83299539.4,206744857.4,36435218.9,151813411.5
3.2,33.6,20.8,51.2,20.8,92.8,299.2,1038.4,172.8,540.8,12427.2,5475.2,23505.6,9238.4,33110.4,33257.6,59864,202041.6,18184,193963.2,1671548.8,490969.6,5302472,1491320,24706200.2,92648251.5,89339385.2,221735421.1,39077047.5,162821030.5
3.5,36.8,22.8,56,22.8,101.5,327.3,1135.8,189,591.5,13592.3,5988.5,25709.3,10104.5,36214.5,36375.5,65476.3,220983,19888.8,212147.3,1828256.5,536998,5799578.8,1631131.3,26446073.4,99172776.2,95630891.2,237350591.6,41828952.2,174287300.2
3.8,40.1,24.8,61.1,24.8,110.8,357.2,1239.6,206.3,645.6,14835,6536,28059.8,11028.3,39525.5,39701.3,71462.7,241187.2,21707.2,231543.6,1995411.4,586095,6329826,1780263.3,28255541.6,105958281.9,102174057.4,253590368.9,44690933.1,186212220.7
4.2,43.7,27,66.6,27,120.6,389,1349.9,224.6,703,16155.4,7117.8,30557.3,12009.9,43043.5,43234.9,77823.2,262654.1,23639.2,252152.2,2173013.4,638260.5,6893213.6,1938716,30134604.7,113004768.7,108968883.9,270454753.1,47662990.3,198595792.1
4.5,47.5,29.4,72.3,29.4,131.1,422.6,1466.7,244.1,763.9,17553.4,7733.7,33201.7,13049.2,46768.4,46976.4,84557.9,285383.8,25684.9,273973,2361062.7,693494.6,7489741.7,2106489.5,32083262.7,120312236.4,116015370.6,287943744,50745123.6,211438014.2
4.9,51.5,31.9,78.4,31.9,142.1,458.2,1590.1,264.6,828.1,19029.2,8383.9,35993,14146.3,50700.3,50925.7,91666.8,309376.2,27844.3,297006.2,2559559.1,751797.2,8119410.3,2283583.8,34101515.7,127880685.1,123313517.6,306057341.8,53937333.1,224738887.1
5.3,55.7,34.5,84.8,34.5,153.7,495.6,1719.9,286.2,895.7,20582.6,9068.3,38931.2,15301.1,54839.1,55082.9,99149.8,334631.4,30117.3,321251.6,2768502.7,813168.4,8782219.3,2469998.8,36189363.6,135710114.8,130863324.8,324795546.4,57239618.8,238498410.8
5.7,60.1,37.2,91.5,37.2,165.9,534.8,1856.1,308.9,966.7,22213.6,9786.9,42016.3,16513.6,59184.8,59448,107006.9,361149.4,32503.9,346709.2,2987893.5,877608.2,9478168.7,2665734.5,38346806.4,143800525.5,138664792.2,344158357.8,60651980.7,252716585.3
6.2,64.7,40,98.6,40,178.6,576,1998.9,332.6,1041,23922.4,10539.8,45248.3,17783.9,63737.5,64020.9,115238.2,388930.1,35004.2,373379.2,3217731.4,945116.5,10207258.6,2870791,40573844.2,152151917.2,146717919.9,364145776.1,64174418.8,267393410.6
6.6,69.5,43,105.9,43,192,619,2148.2,357.5,1118.8,25708.8,11326.8,48627.2,19111.9,68497.1,68801.7,123843.7,417973.6,37618.2,401261.4,3458016.6,1015693.4,10969489,3085168.3,45027919.7,168854700.5,162824175.3,404120612.5,71219294.9,296747061.1
7.1,74.6,46.2,113.6,46.2,205.9,663.9,2304,383.4,1199.9,27572.9,12148.1,52153.1,20497.7,73463.7,73790.3,132823.3,448279.8,40345.8,430355.9,3708748.9,1089338.8,11764859.8,3308866.3,49551590.2,185818464.9,179182090.9,444720055.8,78374247.3,326559362.5
7.6,79.8,49.4,121.6,49.4,220.4,710.6,2466.2,410.4,1284.4,29514.6,13003.6,55825.8,21941.2,78637.2,78986.8,142177,479848.8,43187,460662.6,3969928.4,1166052.8,12593371,3541885,54144855.5,203043210.2,195791666.7,485944106,85639275.8,356830314.6
8.1,85.3,52.8,129.9,52.8,235.5,759.2,2634.9,438.5,1372.3,31534,13893.3,59645.5,23442.4,84017.6,84391.2,151904.9,512680.6,46141.9,492181.6,4241555.1,1245835.4,13455022.7,3784224.5,58807715.9,220528936.6,212652902.8,527792762.9,93014380.6,387559917.6
8.7,90.9,56.3,138.6,56.3,251.1,809.7,2810.2,467.6,1463.5,33631.1,14817.3,63612,25001.4,89605,90003.4,162007,546775.1,49210.5,524912.9,4523628.9,1328686.5,14349814.9,4035884.8,63540171.1,238275643.9,229765799.1,570266026.7,100499561.5,418748171.3
9.2,96.8,59.9,147.5,59.9,267.4,862.1,2991.9,497.9,1558.2,35805.9,15775.4,67725.5,26618.1,95399.3,95823.5,172483.2,582132.4,52392.7,558856.5,4816150,1414606.2,15277747.5,4296865.8,68342221.3,256283332.2,247130355.7,613363897.2,108094818.6,450395075.8
9.8,102.9,63.7,156.8,63.7,284.2,916.3,3180.1,529.2,1656.2,38058.3,16767.8,71985.9,28292.6,101400.6,101851.4,183333.5,618752.4,55688.5,594012.3,5119118.2,1503594.4,16238820.5,4567167.5,73213866.4,274552001.5,264746572.5,657086374.6,115800151.9,482500631.1
10.4,109.2,67.6,166.4,67.6,301.6,972.4,3374.8,561.6,1757.6,40388.4,17794.4,76393.2,30024.8,107608.8,108087.2,194558,656635.2,59098,630380.4,5432533.6,1595651.2,17233034,4846790,78155106.4,293081651.8,282614449.5,701433458.9,123615561.4,515064837.2
11,115.7,71.6,176.3,71.6,319.6,1030.4,3576,595.1,1862.4,42796.2,18855.2,80947.4,31814.7,114023.9,114530.9,206156.7,695780.8,62621.2,667960.8,5756396.2,1690776.6,18260388,5135733.3,83165941.4,311872283.1,300733986.8,746405149.9,131541047.1,548087694.1
11.7,122.4,75.8,186.6,75.8,338.1,1090.2,3783.7,629.6,1970.5,45281.6,19950.3,85648.5,33662.4,120646,121182.4,218129.5,736189.1,66258,706753.4,6090705.9,1788970.5,19320882.4,5433997.3,88246371.2,330923895.3,319105184.3,792001447.8,139576608.9,581569201.7
12.9,135.9,84.1,207,84.1,375.3,1209.9,4199,698.8,2186.9,50252.5,22140.3,95050.8,37357.8,133890.2,134485.4,242075.1,817005.7,73531.6,784338.7,6759325.5,1985358.3,21441871.2,6030525.3,93396396.1,350236488.6,337728042.1,838222352.4,147722247,615509360.2
14.2,149.5,92.6,227.8,92.6,413,1331.4,4620.9,769,2406.6,55301,24364.6,104599.9,41110.9,147341.3,147996.3,266394.8,899085.1,80918.8,863136.2,7438392.2,2184814.7,23596000.4,6636374,98616015.8,369810062.8,356602560.1,885067863.9,155977961.2,649908169.4
15.6,163.4,101.1,249,101.1,451.2,1454.9,5049.2,840.2,2629.6,60427.3,26623.2,114296,44921.7,160999.3,161715.1,291088.7,982427.3,88419.7,943146.1,8127906,2387339.7,25783270.1,7251543.5,103905230.5,389644618.1,375728738.3,932537982.3,164343751.7,684765629.5
16.9,177.5,109.9,270.4,109.9,490.1,1580.2,5484.1,912.6,2856.1,65631.2,28915.9,124139,48790.3,174864.3,175641.7,316156.8,1067032.2,96034.3,1024368.2,8827867.1,2592933.2,28003680.3,7876033.8,109264040.1,409740154.3,395106576.8,980632707.4,172819618.3,720081740.3
18.3,191.7,118.7,292.2,118.7,529.5,1707.3,5925.4,986,3085.9,70912.7,31242.9,134128.8,52716.6,188936.2,189776.2,341599,1152899.9,103762.5,1106802.5,9538275.3,2801595.3,30257230.9,8509844.8,114692444.6,430096671.5,414736075.5,1029352039.4,181405561.1,755856501.9
19.6,206.2,127.7,314.2,127.7,569.6,1836.3,6373.2,1060.6,3319.2,76271.9,33604,144265.6,56700.7,203215.1,204118.5,367415.3,1240030.3,111604.3,1190449.1,10259130.8,3013325.9,32543921.9,9152976.5,120190444.1,450714169.7,434617234.5,1078695978.1,190101580.1,792089914.3
21,220.9,136.8,336.6,136.8,610.2,1967.2,6827.5,1136.2,3555.8,81708.8,35999.4,154549.3,60742.5,217700.9,218668.7,393605.8,1328423.5,119559.8,1275308,10990433.4,3228125.1,34863753.4,9805429,125758038.5,471592648.9,454750053.7,1128664523.7,198907675.3,828781977.5
22.5,235.8,146,359.4,146,651.3,2100,7288.3,1212.8,3795.7,87223.4,38429.1,164979.9,64842,232393.6,233426.8,420170.5,1418079.5,127629,1361379.2,11732183.1,3445992.9,37216725.4,10467202.3,131395227.8,492732109.1,475134533.1,1179257676.2,207823846.7,865932691.5
23.9,251,155.4,382.4,155.4,693.1,2234.7,7755.6,1290.6,4039.1,92815.7,40892.9,175557.5,68999.3,247293.3,248392.7,447109.3,1508998.2,135811.8,1448662.7,12484380.1,3666929.2,39602837.8,11138296.3,137102012.1,514132550.3,495770672.8,1230475435.4,216850094.3,903542056.3
25.4,266.3,164.8,405.8,164.8,735.4,2371.2,8229.3,1369.4,4285.8,98485.6,43391,186281.9,73214.3,262399.9,263566.5,474422.2,1601179.7,144108.2,1537158.4,13247024.2,3890934.1,42022090.6,11818711,142878391.3,535793972.5,516658472.7,1282317801.5,225986418.1,941610071.9
26.8,281.8,174.5,429.4,174.5,778.4,2509.5,8709.6,1449.4,4536,104233.1,45923.2,197153.2,77487.1,277713.5,278948.1,502109.3,1694623.9,152518.3,1626866.3,14020115.6,4118007.5,44474483.9,12508446.5,148724365.4,557716375.6,537797932.9,1334784774.3,235232818,980136738.2
28.3,297.6,184.2,453.4,184.2,821.9,2649.8,9196.3,1530.4,4789.5,110058.4,48489.7,208171.5,81817.6,293234,294537.6,530170.6,1789330.9,161042.1,1717786.6,14803654.1,4348149.5,46960017.7,13207502.8,154639934.5,579899759.8,559189053.3,1387876354,244589294.2,1019122055.4
29.9,313.5,194.1,477.8,194.1,865.9,2791.9,9689.6,1612.4,5046.3,115961.3,51090.5,219336.6,86205.8,308961.4,310335,558606,1885300.7,169679.5,1809919.1,15597639.7,4581360.1,49478691.9,13915879.8,160625098.4,602344124.9,580831833.9,1441592540.6,254055846.5,1058566023.3
31.4,329.7,204.1,502.4,204.1,910.6,2935.9,10189.3,1695.6,5306.6,121941.9,53725.4,230648.7,90651.8,324895.8,326340.2,587415.5,1982533.2,178430.5,1903263.9,16402072.6,4817639.2,52030506.5,14633577.5,166679857.4,625049471.1,602726274.8,1495933333.9,263632475.1,1098468642.1
33,346.1,214.2,527.4,214.2,955.8,3081.8,10695.5,1779.8,5570.2,128000.2,56394.6,242107.7,95155.5,341037.1,342553.3,616599.2,2081028.5,187295.2,1997821,17216952.6,5056986.9,54615461.6,15360596,172804211.2,648015798.2,624872375.9,1550898734.1,273319179.8,1138829911.6
34.5,362.7,224.5,552.6,224.5,1001.7,3229.5,11208.2,1865.2,5837.3,134136.1,59097.9,253713.6,99717,357385.4,358974.2,646157.1,2180786.5,196273.6,2093590.3,18042279.9,5299403.1,57233557.2,16096935.3,185052918.9,693948452.4,669164578.2,1660829534.4,292692589.2,1219552450.6
36.1,379.5,234.9,578.2,234.9,1048.1,3379.1,11727.4,1951.6,6107.7,140349.7,61835.5,265466.4,104336.2,373940.6,375603,676089.1,2281807.3,205365.6,2190571.9,18878054.3,5544887.9,59884793.2,16842595.3,197371221.5,740142087.6,713708440.6,1771384941.5,312176074.8,1300733640.4
37.8,396.5,245.4,604.2,245.4,1095,3530.6,12253.1,2039,6381.4,146641,64607.4,277366.1,109013.1,390702.7,392439.7,706395.2,2384090.9,214571.2,2288765.8,19724275.8,5793441.3,62569169.6,17597576,209759119,786596703.9,758503963.4,1882564955.5,331769636.7,1382373481.1
39.4,413.7,256.1,630.4,256.1,1142.6,3683.9,12785.3,2127.6,6658.6,153009.9,67413.4,289412.7,113747.8,407671.8,409484.2,737075.5,2487637.2,223890.5,2388171.9,20580944.6,6045063.2,65286686.5,18361877.5,222216611.5,833312301.1,803551146.3,1994369576.3,351473274.7,1464471972.5
41.1,431.1,266.9,657,266.9,1190.7,3839.1,13324,2217.2,6939.1,159456.5,70253.7,301606.2,118540.2,424847.8,426736.6,768130,2592446.3,233323.5,2488790.3,21448060.5,6299753.7,68037343.9,19135499.8,234743698.9,880288879.3,848849989.5,2106798803.9,371286988.9,1547029114.7
42.7,448.8,277.8,683.8,277.8,1239.5,3996.2,13869.1,2308,7223.1,165980.8,73128.1,313946.7,123390.4,442230.8,444196.8,799558.6,2698518.1,242870.1,2590621,22325623.7,6557512.7,70821141.7,19918442.8,247340381.2,927526438.5,894400493,2219852638.3,391210779.3,1630044907.7
44.4,466.6,288.9,711,288.9,1288.8,4155.1,14420.8,2399.8,7510.4,172582.7,76036.8,326434,128298.3,459820.7,461864.9,831361.3,2805852.7,252530.3,2693663.9,23213634,6818340.3,73638079.9,20710706.5,260006658.5,975024978.6,940202656.6,2333531079.5,411244645.8,1713519351.4
46.2,484.7,300,738.6,300,1338.6,4316,14978.9,2492.6,7801,179262.4,78979.8,339068.3,133263.9,477617.5,479740.9,863538.2,2914450.1,262304.2,2797919.2,24112091.4,7082236.5,76488158.6,21512291,272742530.7,1022784499.8,986256480.6,2447834127.6,431388588.6,1797452446
47.9,503,311.4,766.4,311.4,1389.1,4478.7,15543.6,2586.6,8095.1,186019.7,81956.9,351849.5,138287.3,495621.3,497824.7,896089.3,3024310.2,272191.8,2903386.7,25020996.1,7349201.2,79371377.8,22323196.3,285547997.8,1070805002,1032561964.7,2562761782.5,451642607.6,1881844191.4
49.7,521.4,322.8,794.6,322.8,1440.1,4643.2,16114.7,2681.6,8392.5,192854.6,84968.3,364777.5,143368.4,513832,516116.4,929014.5,3135433.1,282193,3010066.4,25940347.9,7619234.5,82287737.4,23143422.3,298423059.8,1119086485.1,1079119109.1,2678314044.2,472006702.7,1966694587.5
53.2,558.4,345.7,850.9,345.7,1542.2,4972.3,17256.9,2871.7,8987.4,206524.5,90991,390633.7,153530.7,550253.5,552699.7,994864.9,3357678.8,302195.4,3223425.9,27779051.6,8159301,88120456.6,24783874.3,311367716.8,1167628949.3,1125927913.8,2794490912.7,492480874.1,2052003634.5
56.7,595.6,368.7,907.5,368.7,1644.9,5303.3,18405.6,3062.9,9585.7,220272.1,97047.9,416636.8,163750.6,586881.8,589491,1061089.4,3581187.4,322311.4,3437997.7,29628202.5,8702436.2,93986316.2,26433647,324381968.7,1216432394.4,1172988378.6,2911292388,513065121.6,2137771332.2
60.3,632.9,391.8,964.5,391.8,1748.1,5636.2,19560.9,3255.1,10187.3,234097.4,103139.1,442786.7,174028.4,623717.2,626490,1127688.1,3805958.6,342541.1,3653781.8,31487800.5,9248639.8,99885316.3,28092740.5,337465815.6,1265496820.5,1220300503.8,3028718470.2,533759445.3,2223997680.7
63.9,670.5,415.1,1021.8,415.1,1851.9,5970.9,20722.6,3448.4,10792.3,248000.3,109264.5,469083.6,184363.8,660759.4,663697,1194661,4031992.7,362884.5,3870778.1,33357845.7,9797912.1,105817456.9,29761154.8,350619257.3,1314822227.6,1267864289.1,3146769159.2,554563845.2,2310682680
67.5,708.3,438.5,1079.4,438.5,1956.3,6307.5,21890.8,3642.8,11400.7,261980.9,115424.1,495527.4,194757,698008.6,701111.8,1262008,4259289.5,383341.5,4088986.7,35238338.1,10350252.9,111782737.9,31438889.8,363842294,1364408615.7,1315679734.7,3265444455,575478321.3,2397826330.1
71.1,746.3,462,1137.3,462,2061.3,6646,23065.5,3838.3,12012.5,276039.2,121617.9,522118.1,205208,735464.8,738734.4,1329729.1,4487849,403912.1,4308407.6,37129277.7,10905662.2,117781159.3,33125945.5,377134925.7,1414255984.8,1363746840.6,3384744357.6,596502873.6,2485428631
74.7,784.6,485.7,1195.5,485.7,2166.9,6986.3,24246.6,4034.9,12627.7,290175.1,127845.9,548855.8,215716.6,773127.8,776565,1397824.4,4717671.4,424596.4,4529040.7,39030664.5,11464140.2,123812721.2,34822322,390497152.2,1464364334.9,1412065606.6,3504668867,617637502.1,2573489582.7
78.4,823,509.5,1254.1,509.5,2273,7328.5,25434.3,4232.5,13246.2,304388.7,134108.2,575740.3,226283.1,810997.9,814603.3,1466293.9,4948756.4,445394.4,4750886.1,40942498.4,12025686.6,129877423.6,36528019.3,403928973.7,1514733666,1460636033,3625217983.3,638882206.8,2662009185.2
82.1,861.6,533.4,1313,533.4,2379.7,7672.6,26628.5,4431.2,13868.1,318680,140404.7,602771.7,236907.2,849074.8,852849.6,1535137.5,5181104.3,466306,4973943.8,42864779.5,12590301.7,135975266.4,38243037.3,417430390.1,1565363978,1509458119.5,3746391706.4,660236987.6,2750987438.4
85.8,900.5,557.4,1372.2,557.4,2487,8018.6,27829.1,4631,14493.4,333049,146735.4,629950.1,247589.1,887358.7,891303.7,1604355.2,5414714.9,487331.2,5198213.8,44797507.8,13157985.3,142106249.6,39967376,431001401.5,1616255271.1,1558531866.3,3868190036.3,681701844.7,2840424342.5
89.5,939.5,581.6,1431.7,581.6,2594.9,8366.4,29036.3,4831.9,15122.1,347495.6,153100.3,657275.3,258328.8,925849.6,929965.6,1673947.1,5649588.2,508470.1,5423696,46740683.3,13728737.4,148270373.3,41701035.5,444642007.8,1667407545.1,1607857273.4,3990612973,703276777.9,2930319897.3
93.2,978.8,605.9,1491.5,605.9,2703.4,8716.1,30249.9,5033.9,15754.2,362019.9,159499.4,684747.5,269126.1,964547.3,968835.5,1743913.2,5885724.4,529722.7,5650390.5,48694306,14302558.2,154467637.5,43444015.8,458352209,1718820800.1,1657434340.6,4113660516.5,724961787.3,3020674102.9
97,1018.3,630.4,1551.7,630.4,2812.4,9067.6,31470,5236.9,16389.6,376621.8,165932.8,712366.6,279981.3,1003452.1,1007913.1,1814253.4,6123123.2,551088.9,5878297.2,50658375.8,14879447.4,160698042.1,45196316.8,472132005.1,1770495036.2,1707263068.2,4237332666.9,746756873,3111486959.4
100.8,1058,654.9,1612.2,654.9,2922,9421.1,32696.6,5441,17028.4,391301.5,172400.4,740132.6,290894.1,1042563.7,1047198.7,1884967.7,6361784.9,572568.7,6107416.3,52632892.8,15459405.3,166961587.1,46957938.5,485981396.2,1822430253.2,1757343455.9,4361629424.1,768662034.8,3202758466.6
104.6,1097.9,679.6,1673,679.6,3032.2,9776.4,33929.7,5646.2,17670.6,406058.8,178902.2,768045.5,301864.7,1081882.3,1086692.1,1956056.2,6601709.3,594162.2,6337747.6,54617857,16042431.7,173258272.6,48728881,499900382.2,1874626451.2,1807675503.9,4486550788.1,790677272.8,3294488624.6
108.4,1138,704.5,1734.1,704.5,3143,10133.5,35169.3,5852.5,18316.2,420893.7,185438.2,796105.3,312893.1,1121407.9,1126393.3,2027518.9,6842896.4,615869.4,6569291.1,56613268.4,16628526.6,179588098.6,50509144.3,527738354.2,1979018847.2,1908339599.9,4736393516.1,834707748.8,3477948940.6
112.2,1178.3,729.4,1795.5,729.4,3254.4,10492.6,36415.4,6059.9,18965.2,435806.4,192008.4,824312,323979.1,1161140.3,1166302.5,2099355.7,7085346.4,637690.2,6802047,58619127,17217690.2,185951065,52298728.3,555645921.1,2083672224.2,2009255356.2,4986860850.9,878848301,3661867907.4
116.1,1218.8,754.5,1857.3,754.5,3366.3,10853.5,37668,6268.3,19617.5,450796.7,198612.9,852665.6,335123,1201079.8,1206419.4,2171566.6,7329059,659624.6,7036015.1,60635432.7,17809922.2,192347171.8,54097633,583623083,2188586582.1,2110422772.6,5237952792.5,923098929.3,3846245524.9
120,1259.6,779.7,1919.4,779.7,3478.8,11216.3,38927,6477.8,20273.2,465864.7,205251.6,881166.2,346324.5,1241226.1,1246744.3,2244151.7,7574034.5,681672.7,7271195.5,62662185.6,18405222.9,198776419.1,55905858.5,611669839.8,2293761921.1,2211841849.4,5489669341,967459633.9,4031081793.3
123.9,1300.5,805.1,1981.8,805.1,3591.9,11580.9,40192.6,6688.4,20932.3,481010.3,211924.5,909813.6,357583.8,1281579.4,1287277,2317111,7820272.7,703834.5,7507588.1,64699385.7,19003592.1,205238806.9,57723404.8,639786191.5,2399198241.1,2313512586.3,5742010496.3,1011930414.7,4216376712.5
127.8,1341.7,830.6,2044.5,830.6,3705.6,11947.4,41464.6,6900.1,21594.8,496233.6,218631.6,938608,368900.9,1322139.7,1328017.5,2390444.4,8067773.6,726109.9,7745193,66747033,19605029.8,211734335.1,59550271.8,667972138.1,2504895542,2415434983.5,5994976258.4,1056511271.6,4402130282.4
131.7,1383.1,856.2,2107.5,856.2,3819.9,12315.8,42743.1,7112.9,22260.7,511534.6,225372.9,967549.3,380275.6,1362906.8,1368966,2464151.9,8316537.4,748498.9,7984010.2,68805127.5,20209536.2,218263003.7,61386459.5,696227679.7,2610853824,2517609041,6248566627.3,1101202204.8,4588342503.2
135.7,1424.6,881.9,2170.9,881.9,3934.7,12686.1,44028.2,7326.7,22929.9,526913.3,232148.5,996637.4,391708.2,1403881,1410122.2,2538233.6,8566563.8,771001.6,8224039.7,70873669.1,20817111,224824812.8,63231968,724552816.2,2717073086.9,2620034758.6,6502781603,1146003214.1,4775013374.7
139.7,1466.4,907.8,2234.6,907.8,4050.1,13058.2,45319.7,7541.6,23602.5,542369.6,238958.3,1025872.5,403198.4,1445062,1451486.4,2612689.5,8817853.1,793618,8465281.4,72952657.9,21427754.5,231419762.4,65086797.3,752947547.7,2823553330.8,2722712136.6,6757621185.6,1190914299.6,4962142897
143.7,1508.4,933.8,2298.6,933.8,4166.1,13432.2,46617.7,7757.6,24278.5,557903.6,245802.3,1055254.5,414746.4,1486450,1493058.4,2687519.5,9070405.1,816348,8707735.4,75042093.9,22041466.5,238047852.4,66950947.3,781411874,2930294555.7,2825641174.7,7013085375,1235935461.3,5149731070.1
151.7,1592.4,985.8,2426.6,985.8,4398.1,14180.2,49213.7,8189.6,25630.5,588971.6,259490.3,1114018.5,437842.4,1569226,1576202.4,2837179.5,9575509.1,861808,9192643.4,79220965.9,23268890.5,251304032.4,70679247.3,809945795.3,3037296761.6,2928821873.1,7269174171.2,1281066699.2,5337777894
159.7,1676.6,1037.9,2554.9,1037.9,4630.7,14930.1,51816.2,8622.7,26985.9,620117.3,273212.5,1172929.4,460996.2,1652209,1659554.2,2987213.6,10081875.8,907381.6,9678763.7,83410285.1,24499383,264593352.8,74416868,838549311.6,3144559948.5,3032254231.8,7525887574.2,1326308013.3,5526283368.7
167.7,1761.1,1090.2,2683.5,1090.2,4863.9,15681.8,54425.1,9056.9,28344.7,651340.6,286968.9,1231987.3,484207.6,1735398.8,1743114,3137621.9,10589505.4,953068.9,10166096.2,87610051.5,25732944.2,277915813.7,78163809.5,867222422.7,3252084116.4,3135938250.6,7783225584,1371659403.6,5715247494.2
175.8,1845.7,1142.6,2812.5,1142.6,5097.6,16435.4,57040.6,9492.1,29706.8,682641.6,300759.6,1291192,507476.9,1818795.7,1826881.5,3288404.4,11098397.6,998869.9,10654641,91820265,26969573.8,291271415.1,81920071.8,895965128.8,3359869265.3,3239873929.8,8041188200.7,1417120870.1,5904670270.5
183.9,1930.5,1195.1,2941.8,1195.1,5331.9,17190.9,59662.6,9928.4,31072.3,714020.3,314584.5,1350543.6,530803.8,1902399.4,1910857,3439561,11608552.7,1044784.5,11144398.1,96040925.7,28209272.1,304660156.9,85685654.8,924777429.8,3467915395.1,3344061269.1,8299775424.2,1462692412.7,6094551697.5
192,2015.6,1247.7,3071.4,1247.7,5566.8,17948.3,62291,10365.8,32441.2,745476.7,328443.6,1410042.2,554188.5,1986210.1,1995040.3,3591091.7,12119970.5,1090812.7,11635367.5,100272033.6,29452038.9,318082039.1,89460558.5,953659325.8,3576222506,3448500268.7,8558987254.5,1508374031.6,6284891775.4
200.1,2100.8,1300.5,3201.3,1300.5,5802.3,18707.5,64926,10804.3,33813.5,777010.7,342336.9,1469687.6,577631,2070227.8,2079431.4,3742996.6,12632651,1136954.6,12127549.1,104513588.7,30697874.2,331537061.8,93244783,982610816.7,3684790597.8,3553190928.6,8818823691.6,1554165726.6,6475690504
208.2,2186.3,1353.4,3331.5,1353.4,6038.4,19468.6,67567.4,11243.9,35189.2,808622.4,356264.4,1529480,601131.1,2154452.3,2164030.5,3895275.7,13146594.4,1183210.2,12620943,108765591,31946778.2,345025225,97038328.3,1011631902.5,3793619670.6,3658133248.6,9079284735.5,1600067497.8,6666947883.4
216.4,2272,1406.5,3462.1,1406.5,6275,20231.5,70215.3,11684.5,36568.2,840311.7,370226.2,1589419.3,624689.1,2238883.9,2248837.3,4047928.9,13661800.4,1229579.4,13115549.1,113028040.4,33198750.6,358546528.6,100841194.3,1040722583.2,3902709724.5,3763327229,9340370386.3,1646079345.3,6858663913.7
224.6,2357.9,1459.6,3593,1459.6,6512.2,20996.4,72869.7,12126.2,37950.6,872078.8,384222.2,1649505.5,648304.7,2323522.3,2333852.1,4200956.2,14178269.3,1276062.2,13611367.6,117300937,34453791.7,372100972.6,104653381,1069882858.9,4012060759.3,3868772869.5,9602080643.9,1692201268.9,7050838594.7
232.8,2444,1512.9,3724.2,1512.9,6750,21763.1,75530.6,12569,39336.4,903923.5,398252.4,1709738.6,671978.1,2408367.7,2419074.7,4354357.7,14696000.9,1322658.7,14108398.3,121584280.8,35711901.3,385688557.1,108474888.5,1099112729.5,4121672775.1,3974470170.3,9864415508.3,1738433268.7,7243471926.5
241,2530.3,1566.4,3855.7,1566.4,6988.4,22531.6,78198,13012.9,40725.6,935845.8,412316.8,1770118.6,695709.3,2493420.1,2504505.1,4508133.4,15214995.2,1369368.9,14606641.2,125878071.8,36973079.4,399309282.1,112305716.8,1128412195,4231545771.9,4080419131.4,10127374979.5,1784775344.7,7436563909.1
249.2,2616.8,1619.9,3987.5,1619.9,7227.4,23302.1,80871.9,13457.9,42118.2,967845.9,426415.4,1830645.5,719498.1,2578679.3,2590143.5,4662283.2,15735252.4,1416192.7,15106096.5,130182310,38237326.2,412963147.5,116145865.8,1157781255.5,4341679749.6,4186619752.6,10390959057.5,1831227496.8,7630114542.4
257.5,2703.5,1673.6,4119.7,1673.6,7466.9,24074.4,83552.3,13903.9,43514.1,999923.6,440548.3,1891319.3,743344.8,2664145.6,2675989.6,4816807.1,16256772.2,1463130.1,15606764,134496995.3,39504641.4,426650153.3,119995335.5,1187219910.9,4452074708.4,4293072034.2,10655167742.4,1877789725.2,7824123826.6
265.8,2790.5,1727.4,4252.2,1727.4,7707,24848.6,86239.1,14351,44913.4,1032079,454715.4,1952140.1,767249.1,2749818.7,2762043.7,4971705.2,16779554.9,1510181.2,16108643.8,138822127.8,40775025.3,440370299.6,123854126,1216728161.2,4562730648.2,4399775975.9,10920001034.1,1924462029.8,8018591761.6
274.1,2877.6,1781.4,4385,1781.4,7947.7,25624.6,88932.5,14799.2,46316.1,1064312,468916.7,2013107.7,791211.2,2835698.8,2848305.6,5126977.5,17303600.3,1557346,16611735.8,143157707.5,42048477.7,454123586.4,127722237.3,1275744661.8,4784042527.7,4613183859.4,11449667617.4,2017806638.9,8407527631.5
282.4,2965,1835.5,4518.1,1835.5,8189,26402.5,91632.3,15248.5,47722.2,1096622.7,483152.2,2074222.3,815231.1,2921785.9,2934775.3,5282623.9,17828908.4,1604624.4,17116040.1,147503734.4,43324998.6,467910013.6,131599669.3,1334830757.4,5005615388.2,4826843403.2,11979958807.6,2111261324.2,8796922152.2
290.7,3052.6,1889.7,4651.5,1889.7,8430.9,27182.3,94338.6,15698.9,49131.7,1129011.1,497421.9,2135483.8,839308.6,3008079.8,3021453,5438644.4,18355479.4,1652016.4,17621556.7,151860208.5,44604588.2,481729581.2,135486422,1393986447.9,5227449229.7,5040754607.2,12510874604.6,2204826085.7,9186775323.7
299.1,3140.3,1944,4785.3,1944,8673.3,27964,97051.5,16150.3,50544.5,1161477.2,511725.9,2196892.1,863444,3094580.8,3108338.4,5595039.1,18883313,1699522.1,18128285.6,156227129.7,45887246.2,495582289.3,139382495.5,1453211733.3,5449544052.2,5254917471.4,13042415008.4,2298500923.4,9577087146
307.5,3228.3,1998.5,4919.4,1998.5,8916.3,28747.5,99770.8,16602.8,51960.7,1194020.9,526064.1,2258447.4,887637,3181288.6,3195431.8,5751807.9,19412409.5,1747141.5,18636226.7,160604498.1,47172972.9,509468137.9,143287889.8,1512506613.7,5671899855.7,5469331995.9,13574580019.1,2392285837.3,9967857619.1
315.9,3316.5,2053.1,5053.8,2053.1,9159.9,29532.9,102496.6,17056.4,53380.3,1226642.3,540436.5,2320149.6,911887.8,3268203.4,3282733,5908950.9,19942768.7,1794874.5,19145380.1,164992313.7,48461768.1,523387126.9,147202604.8,1571871089,5894516640.1,5683998180.6,14107369636.5,2486180827.3,10359086742.9
324.3,3404.9,2107.8,5188.5,2107.8,9404.1,30320.2,105228.9,17511.1,54803.3,1259341.4,554843.1,2381998.7,936196.4,3355325.2,3370242,6066468.1,20474390.6,1842721.1,19655745.8,169390576.5,49753631.8,537339256.3,151126640.5,1631305159.2,6117394405.6,5898916025.6,14640783860.8,2580185893.6,10750774517.6
332.7,3493.6,2162.7,5323.5,2162.7,9648.9,31109.3,107967.6,17966.9,56229.7,1292118.1,569283.9,2443994.8,960562.6,3442653.8,3457959,6224359.4,21007275.4,1890681.4,20167323.7,173799286.5,51048564.2,551324526.2,155059997,1690808824.4,6340533152,6114085530.8,15174822691.9,2674301036.1,11142920943.1
341.2,3582.4,2217.7,5458.9,2217.7,9894.2,31900.3,110712.9,18423.7,57659.4,1324972.5,583759,2506137.7,984986.7,3530189.5,3545883.7,6382624.8,21541422.8,1938755.4,20680113.9,178218443.6,52346565,565342936.6,159002674.3,1750382084.4,6563932879.5,6329506696.2,15709486129.8,2768526254.7,11535526019.3
349.7,3671.4,2272.8,5594.6,2272.8,10140.1,32693.2,113464.7,18881.6,59092.5,1357904.6,598268.3,2568427.5,1009468.4,3617932,3634016.4,6541264.4,22076833.1,1986943,21194116.4,182648047.9,53647634.5,579394487.4,162954672.3,1810024939.4,6787593587.9,6545179521.9,16244774174.6,2862861549.5,11928589746.3
366.6,3849.5,2383,5865.9,2383,10632,34279,118968.2,19797.5,61958.8,1423768.8,627286.8,2693007.2,1058431.9,3793417.1,3810281.7,6858543.6,23147653.6,2083318.2,22222121.4,191507256.6,56249773.4,607497589,170858668.3,1869737389.4,7011515277.3,6761104007.8,16780686826.1,2957306920.5,12322112124.1
383.6,4027.8,2493.4,6137.6,2493.4,11124.4,35866.6,124478.2,20714.4,64828.4,1489710.6,656339.6,2817733.8,1107453.2,3969109.2,3986754.8,7176197,24219736.8,2179807,23251338.6,200376912.4,58854980.8,635633831,178771985,1929519434.3,7235697947.7,6977280154,17317224084.5,3051862367.8,12716093152.8
400.6,4206.3,2603.9,6409.6,2603.9,11617.4,37456.1,129994.7,21632.4,67701.4,1555730.1,685426.6,2942607.3,1156532.2,4145008.2,4163435.8,7494224.5,25293082.8,2276409.5,24281768.1,209257015.4,61463256.8,663803213.5,186694622.5,1989371074.1,7460141599.1,7193707960.4,17854385949.7,3146527891.2,13110532832.2
417.6,4385,2714.5,6681.9,2714.5,12111,39047.5,135517.7,22551.5,70577.8,1621827.3,714547.8,3067627.7,1205668.9,4321114.1,4340324.7,7812626.1,26367691.6,2373125.7,25313409.9,218147565.6,64074601.4,692005736.5,194626580.8,2049292308.8,7684846231.5,7410387427,18392172421.7,3241303490.7,13505431162.3
434.7,4563.9,2825.3,6954.6,2825.3,12605.1,40640.7,141047.2,23471.6,73457.5,1688002.1,743703.3,3192795,1254863.4,4497427,4517421.4,8131401.9,27443563.1,2469955.5,26346263.9,227048562.9,66689014.5,720241399.9,202567859.8,2109283138.4,7909811844.9,7627318553.9,18930583500.6,3336189166.5,13900788143.3
451.7,4743.1,2936.2,7227.5,2936.2,13099.9,42235.8,146583.1,24392.9,76340.7,1754254.6,772892.9,3318109.3,1304115.6,4673946.8,4694726,8450551.9,28520697.4,2566898.9,27380330.2,235960007.5,69306496.2,748510203.7,210518459.5,2169343563,8135038439.3,7844501341,19469619186.2,3431184918.5,14296603775.1
468.8,4922.4,3047.2,7500.8,3047.2,13595.2,43832.8,152125.6,25315.2,79227.2,1820584.8,802116.8,3443570.4,1353425.6,4850673.6,4872238.4,8770076,29599094.4,2663956,28415608.8,244881899.2,71927046.4,776812148,218478380,2229473582.6,8360526014.6,8061935788.4,20009279478.7,3526290746.7,14692878057.7
485.9,5102,3158.4,7774.4,3158.4,14091.1,45431.7,157674.6,26238.6,82117.1,1886992.7,831374.9,3569178.5,1402793.3,5027607.3,5049958.7,9089974.2,30678754.2,2761126.8,29452099.7,253814238.1,74550665.2,805147232.8,226447621.3,2289673197,8586274571,8279621896,20549564378,3621506651,15089610991
503,5281.7,3269.6,8048.3,3269.6,14587.6,47032.4,163230,27163.1,85010.4,1953478.2,860667.2,3694933.4,1452218.7,5204747.9,5227886.9,9410246.6,31759676.8,2858411.2,30489802.8,262757024.2,77177352.6,833515458,234426183.3,2349942406.4,8812284108.3,8497559663.8,21090473884.1,3716832631.5,15486802575.1
520.2,5461.7,3381,8322.6,3381,15084.6,48635,168791.9,28088.6,87907,2020041.4,889993.8,3820835.3,1501701.9,5382095.5,5406022.9,9730893.2,32841862.1,2955809.2,31528718.2,271710257.4,79807108.5,861916823.6,242414066,2410281210.7,9038554626.7,8715749091.9,21632007997.1,3812268688.3,15884452810.1
537.3,5641.9,3492.6,8597.1,3492.6,15582.3,50239.4,174360.3,29015.3,90807.1,2086682.2,919354.5,3946884.1,1551242.8,5559650,5584366.8,10051913.9,33925310.2,3053320.9,32568845.8,280673937.9,82439933,890351329.7,250411269.5,2470689609.9,9265086126,8934190180.2,22174166716.8,3907814821.2,16282561695.8
554.5,5822.3,3604.3,8872,3604.3,16080.5,51845.8,179935.3,29943,93710.5,2153400.8,948749.5,4073079.8,1600841.5,5737411.5,5762918.5,10373308.8,35010021,3150946.3,33610185.8,289648065.5,85075826,918818976.3,258417793.8,2531167604.1,9491878606.3,9152882928.8,22716950043.4,4003471030.3,16681129232.3
571.7,6002.9,3716.1,9147.2,3716.1,16579.3,53454,185516.7,30871.8,96617.3,2220197,978178.7,4199422.4,1650497.9,5915379.9,5941678.1,10695077.8,36095994.6,3248685.3,34652738,298632640.3,87714787.6,947319763.3,266433638.8,2591715193.2,9718932067.6,9371827337.6,23260357976.8,4099237315.6,17080155419.6
588.9,6183.7,3828,9422.7,3828,17078.7,55064,191104.5,31801.7,99527.5,2287070.8,1007642.1,4325911.9,1700212,6093555.2,6120645.6,11017220.9,37183231,3346537.9,35696502.4,307627662.3,90356817.8,975853690.7,274458804.5,2652332377.2,9946246509.9,9591023406.6,23804390517,4195113677.1,17479640257.7
606.2,6364.7,3940,9698.6,3940,17578.6,56676,196698.9,32732.6,102441,2354022.4,1037139.8,4452548.3,1749983.9,6271937.5,6299820.9,11339738.2,38271730.1,3444504.2,36741479.2,316633131.4,93001916.5,1004420758.6,282493291,2713019156.2,10173821933.2,9810471135.9,24349047664.1,4291100114.8,17879583746.6
623.4,6545.9,4052.2,9974.7,4052.2,18079.2,58289.8,202299.8,33664.7,105358,2421051.6,1066671.6,4579331.6,1799813.5,6450526.7,6479204.1,11662629.7,39361492,3542584.2,37787668.2,325649047.8,95650083.8,1033020967,290537098.3,2834392714.1,10628972779.7,10249366594.5,25438361958.1,4483072990.1,18679470724.3
640.7,6727.4,4164.6,10251.2,4164.6,18580.3,59905.5,207907.2,34597.8,108278.3,2488158.5,1096237.7,4706261.9,1849700.9,6629322.9,6658795.1,11985895.3,40452516.6,3640777.8,38835069.5,334675411.3,98301319.6,1061654315.8,298590226.3,2955835867,11084384607.3,10688513713.3,26528300859,4675155941.7,19479816352.9
658,6909,4277,10528,4277,19082,61523,213521,35532,111202,2555343,1125838,4833339,1899646,6808326,6838594,12309535,41544804,3739085,39883683,343712222,100955624,1090320805,306652675,3077348614.7,11540057415.8,11127912492.3,27618864366.8,4867348969.4,20280620632.2
675.3,7090.9,4389.6,10805.1,4389.6,19584.3,63142.4,219141.3,36467.3,114129.1,2622605.2,1155472.5,4960563.1,1949648.8,6987536,7018600.8,12633548.9,42638354.2,3837505.9,40933508.8,352759479.9,103612997,1119020434.7,314724444.5,3198930957.5,11995991205.4,11567562931.6,28710052481.3,5059652073.4,21081883562.4
692.7,7272.9,4502.3,11082.6,4502.3,20087.1,64763.7,224768.2,37403.6,117059.5,2689945.1,1185141.3,5087934,1999709.4,7166953,7198815.4,12957937,43733167.1,3936040.5,41984546.9,361817184.9,106273438.5,1147753204.9,322805534.8,3320582895.1,12452185975.9,12007465031.1,29801865202.7,5252065253.5,21883605143.3
710,7455.2,4615.1,11360.3,4615.1,20590.6,66386.9,230401.5,38341.1,119993.4,2757362.7,1214844.2,5215451.9,2049827.7,7346576.9,7379237.9,13282699.2,44829242.8,4034688.7,43036797.3,370885337.2,108936948.6,1176519115.5,330895945.8,3442304427.7,12908641727.4,12447618790.9,30894302530.8,5444588509.8,22685785375
727.4,7637.7,4728.1,11638.4,4728.1,21094.6,68011.9,236041.3,39279.6,122930.6,2824857.9,1244581.4,5343116.7,2100003.8,7526407.8,7559868.2,13607835.5,45926581.2,4133450.5,44090259.9,379963936.6,111603527.2,1205318166.5,338995677.5,3564095555.2,13365358459.9,12888024210.9,31987364465.8,5637221842.3,23488424257.5
744.8,7820.4,4841.2,11916.8,4841.2,21599.2,69638.8,241687.6,40219.2,125871.2,2892430.8,1274352.8,5470928.4,2150237.6,7706445.6,7740706.4,13933346,47025182.4,4232326,45144934.8,389052983.2,114273174.4,1234150358,347104730,3685956277.6,13822336173.4,13328681291.1,33081051007.7,5829965251,24291521790.8
762.2,8003.3,4954.4,12195.5,4954.4,22104.4,71267.6,247340.4,41159.9,128815.2,2960081.4,1304158.4,5598887,2200529.1,7886690.3,7921752.5,14259230.7,48125046.4,4331315.2,46200822,398152477,116945890.2,1263015690,355223103.3,3807886594.9,14279574867.9,13769590031.6,34175362156.3,6022818735.9,25095077974.9
779.7,8186.4,5067.8,12474.6,5067.8,22610.1,72898.2,252999.7,42101.6,131762.5,3027809.6,1333998.3,5726992.5,2250878.4,8067142,8103006.4,14585489.5,49226173.1,4430418,47257921.4,407262417.9,119621674.5,1291914162.4,363350797.3,3929886507.2,14737074543.3,14210750432.3,35270297911.8,6215782296.9,25899092809.7
814.5,8552.7,5294.5,13032.6,5294.5,23621.7,76159.5,264318.2,43985.2,137657.3,3163266.1,1393677.9,5983203.6,2351577,8428045.4,8465514.2,15238007.1,51428426.5,4628623.6,49372120.3,425482299.9,124973243.1,1349711107.2,379606185.3,4051956014.5,15194835199.8,14652162493.3,36365858274,6408855934.2,26703566295.4
849.4,8919.1,5521.4,13591,5521.4,24633.8,79422.6,275643.3,45869.8,143555.4,3298800.2,1453391.8,6239561.5,2452333.3,8789155.7,8828229.9,15890898.8,53631942.7,4826942.8,51487531.4,443712629,130327880.3,1407541192.4,395870894,4174095116.6,15652856837.2,15093826214.5,37462043243.1,6602039647.6,27508498431.8
884.4,9285.8,5748.3,14149.8,5748.3,25646.4,82687.7,286974.8,47755.4,149456.8,3434412.1,1513140,6496066.4,2553147.3,9150472.9,9191153.5,16544164.7,55836721.7,5025375.7,53604154.9,461953405.2,135685586.1,1465404418.1,412144923.5,4296303813.7,16111139455.7,15535741595.9,38558852819.1,6795333437.3,28313889219.1
919.3,9652.7,5975.5,14708.8,5975.5,26659.7,85954.6,298312.9,49642.2,155361.7,3570101.6,1572922.3,6752718.2,2654019.1,9511997.1,9554284.9,17197804.8,58042763.4,5223922.3,55721990.6,480204628.7,141046360.4,1523300784.3,428428273.8,4418582105.7,16569683055.1,15977908637.6,39656287001.8,6988737303.1,29119738657.1
954.3,10019.7,6202.7,15268.2,6202.7,27673.5,89223.3,309657.4,51530,161269.9,3705868.7,1632738.9,7009516.8,2754948.6,9873728.2,9917624.2,17851819,60250067.9,5422582.5,57841038.5,498466299.3,146410203.3,1581230290.9,444720944.8,4540929992.6,17028487635.5,16420327339.5,40754345791.4,7182251245.1,29926046745.9
989.2,10387,6430.1,15827.8,6430.1,28688,92493.9,321008.4,53419,167181.6,3841713.5,1692589.6,7266462.4,2855935.9,10235666.3,10281171.3,18506207.3,62458635.1,5621356.3,59961298.7,516738417.2,151777114.7,1639192937.9,461022936.5,4663347474.5,17487553196.9,16862997701.7,41853029187.7,7375875263.3,30732813485.5
1024.2,10754.5,6657.6,16387.8,6657.6,29703,95766.4,332365.9,55309,173096.6,3977636,1752474.6,7523554.9,2956980.9,10597811.3,10644926.3,19160969.8,64668465.1,5820243.8,62082771.2,535020982.2,157147094.7,1697188725.4,477334249,4785834551.3,17946879739.3,17305919724.1,42952337190.9,7569609357.7,31540038875.9
1059.3,11122.2,6885.2,16948.2,6885.2,30718.5,99040.8,343729.9,57200,179014.9,4113636.2,1812393.9,7780794.3,3058083.6,10960163.2,11008889.2,19816106.5,66879557.9,6019245,64205456,553313994.3,162520143.3,1755217653.4,493654882.3,4908391223,18406467262.7,17749093406.7,44052269801,7763453528.3,32347722917.1
1094.3,11490.2,7113,17508.8,7113,31734.7,102317.1,355100.4,59092.2,184936.7,4249714.1,1872347.3,8038180.7,3159244.1,11322722.1,11373059.9,20471617.3,69091913.4,6218359.8,66329353.1,571617453.7,167896260.4,1813279721.8,509984836.3,5031017489.7,18866315767.1,18192518749.6,45152827017.8,7957407775.1,33155865609.1
1129.4,11858.3,7340.8,18069.8,7340.8,32751.4,105595.2,366477.3,60985.4,190861.8,4385869.6,1932335,8295713.9,3260462.3,11685487.9,11737438.5,21127502.2,71305531.7,6417588.2,68454462.4,589931360.2,173275446.1,1871374930.6,526324111,5153713351.3,19326425252.5,18636195752.7,46254008841.5,8151472098.1,33964466951.9
1164.4,12226.6,7568.9,18631,7568.9,33768.8,108875.1,377860.8,62879.8,196790.4,4522102.7,1992356.8,8553394,3361738.3,12048460.7,12102024.9,21783761.3,73520412.7,6616930.3,70580783.9,608255714,178657700.3,1929503279.9,542672706.5,5276478807.8,19786795718.8,19080124416.1,47355815271.9,8345646497.2,34773526945.4
1199.5,12595.2,7797,19192.6,7797,34786.7,112157,389250.7,64775.2,202722.3,4658413.6,2052412.9,8811221.1,3463072,12411640.4,12466819.2,22440394.6,75736556.5,6816386.1,72708317.8,626590514.9,184043023.1,1987664769.7,559030622.8,5399313859.3,20247427166.2,19524304739.7,48458246309.2,8539930972.6,35583045589.8
1234.7,12963.9,8025.3,19754.6,8025.3,35805.1,115440.7,400647.2,66671.6,208657.5,4794802.1,2112503.3,9069195,3564463.4,12775027,12831821.4,23097402,77953963.1,7015955.5,74837063.9,644935762.9,189431414.5,2045859399.9,575397859.8,5522218505.6,20708319594.5,19968736723.5,49561301953.4,8734325524.1,36393022884.9
1269.8,13332.9,8253.7,20316.8,8253.7,36824.2,118726.3,412050.1,68569.2,214596.2,4931268.3,2172627.8,9327315.9,3665912.6,13138620.6,13197031.4,23754783.5,80172632.4,7215638.5,76967022.3,663291458.2,194822874.4,2104087170.5,591774417.5,5645192746.9,21169473003.9,20413420367.6,50664982204.3,8928830151.8,37203458830.9
1305,13702.1,8482.2,20879.4,8482.2,37843.8,122013.8,423459.5,70467.8,220538.2,5067812.2,2232786.6,9585583.7,3767419.5,13502421.1,13562449.3,24412539.2,82392564.5,7415435.2,79098193,681657600.6,200217402.9,2162348081.6,608160296,5768236583.2,21630887394.2,20858355671.9,51769287062.1,9123444855.8,38014353427.6
1340.1,14071.5,8710.9,21442.2,8710.9,38864.1,125303.1,434875.4,72367.6,226483.7,5204433.7,2292979.5,9843998.4,3868984.2,13866428.6,13928075,25070669.1,84613759.3,7615345.6,81230575.9,700034190.3,205614999.9,2220642133.2,624555495.3,6014324255.7,22553716174.8,21748226280.6,53977896777.6,9512674263.6,39636142621
1375.3,14441.1,8939.7,22005.4,8939.7,39884.9,128594.3,446297.8,74268.4,232432.5,5341132.9,2353206.7,10102560,3970606.6,14230643,14293908.6,25729173.1,86836216.9,7815369.6,83364171.1,718421227.1,211015665.5,2278969325.2,640960015.3,6260481523.1,23476805936.4,22638348549.4,56187131099.9,9902013747.6,41258390465.2
1410.6,14810.9,9168.6,22569,9168.6,40906.2,131887.4,457726.7,76170.2,238384.6,5477909.8,2413468.2,10361268.5,4072286.7,14595064.3,14659950.1,26388051.2,89059937.3,8015507.2,85498978.6,736818711,216419399.7,2337329657.6,657373856,6506708385.4,24400156679.1,23528722478.6,58396990029.1,10291463307.9,42881096960.3
1445.8,15180.9,9397.7,23132.8,9397.7,41928.2,135182.3,469162.1,78073.2,244340.2,5614764.3,2473763.8,10620123.9,4174024.6,14959692.6,15026199.4,27047303.5,91284920.4,8215758.5,87634998.3,755226642.2,221826202.4,2395723130.5,673797017.5,6753004842.7,25323768402.7,24419348067.9,60607473565.1,10681022944.3,44504262106.1
1481.1,15551.1,9626.9,23697,9626.9,42950.7,138479.1,480604,79977.2,250299.1,5751696.5,2534093.7,10879126.2,4275820.2,15324527.8,15392656.6,27706930,93511166.3,8416123.5,89772230.3,773645020.5,227236073.7,2454149743.9,690229499.8,6999370894.9,26247641107.3,25310225317.5,62818581707.9,11070692656.9,46127885902.7
1516.3,15921.6,9856.2,24261.4,9856.2,43973.9,141777.8,492052.3,81882.4,256261.5,5888706.4,2594457.7,11138275.5,4377673.6,15689570,15759321.6,28366930.6,95738674.9,8616602.1,91910674.6,792073846.1,232649013.5,2512609497.7,706671302.8,7245806542,27171774792.9,26201354227.4,65030314457.5,11460472445.7,47751968350.1
1551.6,16292.2,10085.7,24826.2,10085.7,44997.6,145078.3,503507.2,83788.6,262227.2,6025793.9,2654856,11397571.6,4479584.7,16054819.1,16126194.5,29027305.3,97967446.3,8817194.3,94050331.1,810513118.8,238065021.9,2571102391.9,723122426.5,7492311784.1,28096169459.4,27092734797.4,67242671813.9,11850362310.6,49376509448.2
1587,16663.1,10315.2,25391.4,10315.2,46021.8,148380.8,514968.5,85695.8,268196.2,6162959.2,2715288.6,11657014.7,4581553.5,16420275.1,16493275.3,29688054.2,100197480.5,9017900.2,96191200,828962838.6,243484098.9,2629628426.6,739582871,7738886621.1,29020825107,27984367027.8,69455653777.2,12240362251.8,51001509197.2
1622.3,17034.2,10545,25956.8,10545,47046.7,151685.1,526436.3,87604.2,274168.7,6300202.1,2775755.3,11916604.7,4683580.1,16785938.1,16860563.9,30349177.3,102428777.4,9218719.8,98333281.1,847423005.7,248906244.4,2688187601.8,756052636.3,7985531053,29945741735.6,28876250918.3,71669260347.3,12630472269.2,52626967597
1657.7,17405.4,10774.8,26522.6,10774.8,48072.1,154991.2,537910.7,89513.6,280144.5,6437522.6,2836256.3,12176341.5,4785664.4,17151808,17228060.4,31010674.5,104661337.1,9419653,100476574.4,865893619.9,254331458.5,2746779917.4,772531722.3,8232245079.8,30870919345.1,29768386469.1,73883491524.2,13020692362.7,54252884647.5
1728.4,18148,11234.5,27654.1,11234.5,50123,161603.5,560859.3,93332.5,292096.2,6712163.7,2957258.2,12695815.3,4989833.1,17883547.9,17963053.3,32333668.9,109126456.4,9821519.4,104763161.1,902834848.4,265181886.6,2863964548.6,805489894.3,8479028701.6,31796357935.7,30660773680.2,76098347307.9,13411022532.5,55879260348.9
1799.1,18890.8,11694.3,28785.9,11694.3,52174.5,168217.7,583814.4,97152.5,304051.3,6986882.5,3078294.3,13215436,5194059.4,18615494.6,18698254.2,33657037.4,113592838.6,10223499.4,109050960.1,939786524.1,276035383.4,2981182320.2,838457387,8725881918.3,32722057507.2,31553412551.4,78313827698.4,13801462778.4,57506094701
1869.9,19633.7,12154.2,29918.1,12154.2,54226.5,174833.8,606776.1,100973.5,316009.7,7261679,3199364.7,13735203.5,5398343.6,19347648.4,19433662.8,34980780.1,118060483.4,10625593.1,113339971.4,976748646.9,286891948.6,3098433232.3,871434200.5,8972804730,33648018059.7,32446303083,80529932695.8,14192013100.5,59133387703.9
1940.7,20376.9,12614.3,31050.6,12614.3,56279.1,181451.7,629744.2,104795.6,327971.5,7536553.1,3320469.3,14255118,5602685.4,20080009,20169279.4,36304897,122529391.1,11027800.5,117630194.9,1013721216.9,297751582.5,3215717284.9,904420334.8,9219797136.5,34574239593.2,33339445274.7,82746662300,14582673498.8,60761139357.6
2011.5,21120.3,13074.5,32183.4,13074.5,58332.3,188071.5,652718.8,108618.8,339936.7,7811504.9,3441608.1,14775179.4,5807085,20812576.6,20905103.8,37629388,126999561.5,11430121.5,121921630.7,1050704234.1,308614284.9,3333034477.9,937415789.8,9466859138,35500722107.7,34232839126.7,84964016511,14973443973.3,62389349662.1
2082.3,21863.9,13534.8,33316.5,13534.8,60386.1,194693.2,675699.9,112443.1,351905.3,8086534.4,3562781.1,15295387.7,6011542.4,21545351.2,21641136,38954253.1,131470994.6,11832556.1,126214278.8,1087697698.5,319480055.8,3450384811.3,970420565.5,9713990734.5,36427465603.2,35126484639,87181995328.8,15364324524,64018018617.4
2153.1,22607.8,13995.3,34449.9,13995.3,62440.5,201316.7,698687.4,116268.5,363877.3,8361641.5,3683988.3,15815743,6216057.4,22278332.6,22377376.2,40279492.4,135943690.6,12235104.4,130508139.1,1124701610.1,330348895.4,3567768285.2,1003434662,9961191925.8,37354470079.7,36020381811.4,89400598753.4,15755315150.9,65647146223.5
2224,23351.8,14455.9,35583.7,14455.9,64495.4,207942.1,721681.5,120094.9,375852.6,8636826.3,3805229.8,16336245.1,6420630.3,23011521.1,23113824.1,41605105.9,140417649.2,12637766.4,134803211.7,1161715968.8,341220803.4,3685184899.6,1036458079.3,10208462712.1,38281735537.2,36914530644.2,91619826784.9,16146415854,67276732480.4
2294.9,24096,14916.6,36717.8,14916.6,66550.9,214569.4,744682.1,123922.4,387831.3,8912088.8,3926505.5,16856894.1,6625260.8,23744916.4,23850480,42931093.5,144892870.7,13040542,139099496.6,1198740774.7,352095780.1,3802634654.4,1069490817.3,10455803093.3,39209261975.6,37808931137.1,93839679423.2,16537626633.2,68906777388
2365.8,24840.5,15377.4,37852.2,15377.4,68607,221198.6,767689.1,127751,399813.4,9187429,4047815.4,17377690.1,6829949.1,24478518.7,24587343.7,44257455.2,149369354.9,13443431.2,143396993.8,1235776027.8,362973825.3,3920117549.6,1102532876,10703213069.5,40137049395.1,38703583290.3,96060156668.3,16928947488.7,70537280946.5
2436.7,25585.1,15838.4,38986.9,15838.4,70663.7,227829.6,790702.7,131580.7,411798.9,9462846.8,4169159.5,17898632.9,7034695.2,25212328,25324415.2,45584191.1,153847101.8,13846434.1,147695703.2,1272821728.1,373854939,4037633585.3,1135584255.5,10950692640.6,41065097795.5,39598487103.8,98281258520.2,17320378420.3,72168243155.7
2507.6,26330,16299.5,40121.9,16299.5,72721,234462.5,813722.7,135411.5,423787.8,9738342.3,4290537.8,18419722.7,7239498.9,25946344.1,26061694.7,46911301.2,158326111.6,14249550.7,151995624.9,1309877875.6,384739121.4,4155182761.5,1168644955.8,11198241806.6,41993407176.9,40493642577.4,100502984978.9,17711919428.1,73799664015.7
2578.6,27075.1,16760.8,41257.3,16760.8,74778.8,241097.2,836749.2,139243.3,435780,10013915.4,4411950.4,18940959.4,7444360.5,26680567.3,26799181.9,48238785.4,162806384,14652780.9,156296758.8,1346944470.2,395626372.2,4272765078.1,1201714976.8,11445860567.5,42921977539.4,41389049711.4,102725336044.5,18103570512.2,75431543526.6
2649.6,27820.4,17222.1,42393,17222.1,76837.2,247733.9,859782.2,143076.2,447775.6,10289566.3,4533397.2,19462343,7649279.7,27414997.3,27536877.1,49566643.7,167287919.3,15056124.7,160599105.1,1384021512,406516691.7,4390380535.1,1234794318.5,11693548923.4,43850808882.8,42284708505.5,104948311716.9,18495331672.4,77063881688.2
2720.6,28565.9,17683.6,43529,17683.6,78896.2,254372.4,882821.7,146910.2,459774.6,10565294.8,4654878.2,19983873.5,7854256.7,28149634.3,28274780.1,50894876.2,171770717.3,15459582.2,164902663.6,1421109001,417410079.7,4508029132.6,1267882981,11941306874.2,44779901207.2,43180618959.9,107171911996.1,18887202908.8,78696678500.6
2791.6,29311.6,18145.3,44665.3,18145.3,80955.8,261012.7,905867.7,150745.3,471777,10841100.9,4776393.4,20505550.9,8059291.5,28884478.3,29012890.9,52223482.9,176254778,15863153.4,169207434.3,1458206937.2,428306536.2,4625710870.6,1300980964.3,12436822775.8,46638085856,44972439868.7,111619112554.5,19670945381.6,81962272125.4
2862.6,30057.5,18607,45801.9,18607,83016,267655,928920.2,154581.5,483782.8,11116984.8,4897942.8,21027375.2,8264383.9,29619529.1,29751209.7,53552463.7,180740101.6,16266838.2,173513417.4,1495315320.6,439206061.4,4743425749,1334088268.3,12932408272.3,48496531485.8,46764512437.8,116066937719.7,20454797930.6,85228324401
2933.7,30803.6,19068.9,46938.9,19068.9,85076.7,274299.1,951979.2,158418.7,495791.9,11392946.3,5019526.5,21549346.4,8469534.2,30354787,30489736.2,54881818.6,185226687.8,16670636.6,177820612.7,1532434151.1,450108655,4861173767.8,1367204893,13428063363.8,50355238096.5,48556836667,120515387491.7,21238760555.7,88494835327.3
3004.8,31550,19530.9,48076.2,19530.9,87138,280945.1,975044.6,162257,507804.4,11668985.5,5141144.4,22071464.6,8674742.1,31090251.7,31228470.7,56211547.7,189714536.9,17074548.7,182129020.3,1569563428.8,461014317.3,4978954927.1,1400330838.5,13923788050.2,52214205688.3,50349412556.6,124964461870.6,22022833257.1,91761804904.5
3075.9,32296.5,19993.1,49213.8,19993.1,89199.9,287592.9,998116.6,166096.4,519820.3,11945102.3,5262796.5,22593729.6,8880007.8,31825923.4,31967413,57541651,194203648.7,17478574.5,186438640.1,1606703153.7,471923048.1,5096769226.9,1433466104.8,14419582331.5,54073434261.1,52142240106.3,129414160856.3,22807016034.7,95029233132.5
3147,33043.3,20455.4,50351.7,20455.4,91262.4,294242.6,1021195,169936.9,531839.6,12221296.8,5384482.8,23116141.6,9085331.3,32561802.1,32706563.1,58872128.4,198694023.2,17882713.9,190749472.2,1643853325.8,482834847.4,5214616667.1,1466610691.8,14915446207.7,55932923814.8,53935319316.3,133864484448.8,23591308888.4,98297120011.2
3218.1,33790.3,20917.8,51489.9,20917.8,93325.5,300894.2,1044279.9,173778.5,543862.3,12497569,5506203.3,23638700.5,9290712.4,33297887.6,33445921.2,60202979.9,203185660.6,18286966.9,195061516.6,1681013945.1,493749715.4,5332497247.7,1499764599.5,15411379678.9,57792674349.6,55728650186.6,138315432648.1,24375711818.4,101565465540.8
3289.3,34537.4,21380.3,52628.5,21380.3,95389.1,307547.7,1067371.4,177621.1,555888.3,12773918.9,5627958.1,24161406.2,9496151.4,34034180.2,34185487,61534205.6,207678560.6,18691333.6,199374773.3,1718185011.5,504667651.8,5450410968.8,1532927828,15907382745,59652685865.3,57522232717,142767005454.2,25160224824.5,104834269721.1
3360.5,35284.8,21843,53767.4,21843,97453.3,314203,1090469.3,181464.8,567917.7,13050346.4,5749747.1,24684258.9,9701648,34770679.6,34925260.8,62865805.5,212172723.5,19095814,203689242.2,1755366525.1,515588656.9,5568357830.4,1566100377.3,16403455406.1,61512958362,59316066907.8,147219202867.2,25944847906.8,108103532552.2
3431.7,36032.4,22305.8,54906.6,22305.8,99518.1,320860.2,1113573.7,185309.6,579950.5,13326851.6,5871570.3,25207258.5,9907202.4,35507386,35665242.4,64197779.5,216668149.1,19500408,208004923.4,1792558485.9,526512730.5,5686337832.4,1599282247.3,16899597662,63373491839.7,61110152758.7,151672024887,26729581065.3,111373254034.1
3574.1,37527.6,23231.4,57185,23231.4,103647.7,334174.6,1159782.5,192999.2,604016.1,13879862,6115216.7,26253257.7,10318311.2,36980798.8,37145205.6,66861727.5,225659000.3,20309596,216636285.8,1866942407.5,548360877.7,5922297836.4,1665645987.3,17395809512.9,65234286298.4,62904490269.9,156125471513.6,27514424300,114643434166.8
3716.5,39023,24157.1,59463.7,24157.1,107777.9,347490.9,1205997.8,200689.9,628085.1,14432950.1,6358897.3,27299403.8,10729477.8,38454418.6,38625376.6,69526049.6,234651114.2,21118897.6,225268860.5,1941336776.3,570212093.4,6158290980.8,1732019048,17892090958.8,67095341738.1,64699079441.4,160579542747,28299377610.9,117914072950.3
3858.9,40518.7,25083,61742.7,25083,111908.7,360809,1252219.5,208381.7,652157.5,14986115.8,6602612.1,28345696.9,11140702,39928245.2,40105755.6,72190745.9,243644491,21928312.9,233902647.4,2015741592.3,592066377.8,6394317265.7,1798401429.5,18388441999.5,68956658158.8,66493920273,165034238587.2,29084440998,121185170384.6
4001.4,42014.5,26009,64022.1,26009,116040,374129,1298447.8,216074.5,676233.2,15539359.2,6846361.2,29392136.8,11551984.1,41402278.9,41586342.3,74855816.4,252639130.4,22737841.9,242537646.6,2090156855.4,613923730.6,6630376691.1,1864793131.8,18884862635.2,70818235560.5,68289012765,169489559034.3,29869614461.3,124456726469.7
4143.9,43510.5,26935.1,66301.8,26935.1,120171.9,387450.9,1344682.6,223768.4,700312.3,16092680.3,7090144.5,30438723.6,11963323.8,42876519.4,43067137,77521261,261635032.7,23547484.5,251173858.1,2164582565.7,635784152.1,6866469256.9,1931194154.8,19381352865.8,72680073943.1,70084356917.1,173945504088.2,30654898000.7,127728741205.5
4286.4,45006.8,27861.3,68581.8,27861.3,124304.4,400774.7,1390923.8,231463.4,724394.8,16646079.1,7333962,31485457.4,12374721.3,44350966.9,44548139.5,80187079.7,270632197.7,24357240.7,259811281.9,2239018723.2,657647642.1,7102594963.1,1997604498.5,19877912691.4,74542173306.8,71879952729.5,178402073748.9,31440291616.4,131001214592.2
4428.9,46503.2,28787.7,70862.1,28787.7,128437.5,414100.3,1437171.6,239159.5,748480.7,17199555.5,7577813.7,32532338,12786176.6,45825621.4,46029349.8,82853272.6,279630625.4,25167110.6,268449917.9,2313465327.9,679514200.6,7338753809.8,2064024163,20374542111.9,76404533651.4,73675800202.2,182859268016.4,32225795308.2,134274146629.6
4571.4,47999.9,29714.2,73142.7,29714.2,132571.2,427427.8,1483425.8,246856.7,772570,17753109.6,7821699.6,33579365.6,13197689.5,47300482.7,47510768.1,85519839.7,288630316,25977094.2,277089766.2,2387922379.8,701383827.8,7574945797,2130453148.3,20871241127.3,78267154977,75471899335,187317086890.7,33011409076.2,137547537317.8
4714,49496.8,30640.9,75423.7,30640.9,136705.4,440757.1,1529686.5,254554.9,796662.6,18306741.3,8065619.8,34626540.1,13609260.3,48775551.1,48992394.1,88186780.9,297631269.2,26787191.4,285730826.7,2462389878.8,723256523.4,7811170924.6,2196891454.3,21368009737.6,80130037283.7,77268250128.2,191775530371.9,33797132920.5,140821386656.9
4856.6,50993.9,31567.6,77705,31567.6,140840.2,454088.4,1575953.7,262254.2,820758.6,18860450.8,8309574.2,35673861.5,14020888.7,50250826.3,50474228.1,90854096.2,306633485.3,27597402.2,294373099.6,2536867825,745132287.7,8047429192.6,2263339081,21864847942.9,81993180571.3,79064852581.5,196234598459.9,34582966840.9,144095694646.7
4999.2,52491.2,32494.5,79986.6,32494.5,144975.6,467421.5,1622227.4,269954.6,844858,19414237.9,8553562.8,36721329.8,14432574.9,51726308.5,51956269.9,93521785.7,315636964.1,28407726.7,303016584.7,2611356218.4,767011120.5,8283720601.1,2329796028.5,22361755743.1,83856584839.9,80861706695.1,200694291154.7,35368910837.5,147370461287.3
5141.8,53988.7,33421.6,82268.5,33421.6,149111.6,480756.4,1668507.6,277656.1,868960.8,19968102.6,8797585.6,37768945,14844318.9,53201997.7,53438519.5,96189849.3,324641705.6,29218164.9,311661282,2685855059,788893021.8,8520045150.1,2396262296.8,22858733138.2,85720250089.5,82658812469,205154608456.3,36154964910.3,150645686578.7
5284.4,55486.4,34348.7,84550.7,34348.7,153248.2,494093.3,1714794.3,285358.7,893067,20522045.1,9041642.6,38816707.1,15256120.5,54677893.7,54920977.1,98858287.1,333647710,30028716.7,320307191.7,2760364346.8,810777991.8,8756402839.5,2462737885.8,23355780128.3,87584176320,84456169903,209615550364.7,36941129059.2,153921370520.8
5427.1,56984.3,35276,86833.3,35276,157385.3,507432,1761087.5,293062.3,917176.5,21076065.2,9285733.9,39864616.1,15667980,56153996.8,56403642.4,101527099.1,342654977,30839382.1,328954313.6,2834884081.7,832666030.2,8992793669.3,2529222795.5,23852896713.3,89448363531.6,86253778997.4,214077116880,37727403284.4,157197513113.8
5569.8,58482.5,36203.4,89116.2,36203.4,161523,520772.6,1807387.1,300767,941289.4,21630163,9529859.4,40912672.1,16079897.1,57630306.7,57886515.7,104196285.2,351663506.9,31650161.2,337602647.8,2909414263.8,854557137.3,9229217639.6,2595717026,24350082893.2,91312811724.2,88051639751.9,218539308002.1,38513787585.8,160474114357.6
5712.5,59980.8,37131,91399.4,37131,165661.3,534115,1853693.3,308472.8,965405.7,22184338.4,9774019.1,41960874.9,16491872,59106823.6,59369596.8,106865845.5,360673299.5,32461054,346252194.2,2983954893.1,876451312.9,9465674750.4,2662220577.3,25344455253,95041708109.3,91647361261,227463690246.2,40086556188.5,167027316845.1
5855.2,61479.4,38058.7,93682.9,38058.7,169800.2,547459.3,1900005.9,316179.7,989525.4,22738591.5,10018213,43009224.7,16903904.7,60583547.5,60852885.7,109535779.9,369684354.8,33272060.4,354902952.9,3058505969.6,898348557,9702165001.6,2728733449.3,26338897207.8,98770865475.4,95243334430.4,236388697097.2,41659434867.4,173580977983.4
5997.9,62978.2,38986.5,95966.7,38986.5,173939.7,560805.5,1946325,323887.7,1013648.5,23292922.3,10262441.1,44057721.4,17315995,62060478.2,62336382.6,112206088.4,378696673,34083180.4,363554923.9,3133067493.3,920248869.8,9938688393.2,2795255642,27333408757.5,102500283822.5,98839559260,245314328555,43232423622.5,180135097772.5
6140.7,64477.1,39914.4,98250.9,39914.4,178079.7,574153.6,1992650.7,331596.7,1037774.9,23847330.8,10506703.5,45106364.9,17728143.2,63537616,63820087.2,114876771.1,387710253.8,34894414.1,372208107.2,3207639464.1,942152251,10175244925.3,2861787155.5,28327989902.1,106229963150.6,102436035749.8,254240584619.6,44805522453.8,186689676212.4
6283.5,65976.3,40842.5,100535.4,40842.5,182220.3,587503.5,2038982.8,339306.8,1061904.7,24401816.9,10751000.1,46155155.4,18140349,65014960.6,65303999.8,117547828,396725097.5,35705761.5,380862502.7,3282221882.1,964058700.9,10411834597.9,2928327989.8,29322640641.7,109959903459.7,106032763899.9,263167465291.1,46378731361.3,193244713303.1
6426.3,67475.7,41770.7,102820.2,41770.7,186361.5,600855.3,2085321.4,347018,1086037.9,24956380.7,10995330.9,47204092.8,18552612.6,66492512.2,66788120.2,120219259,405741203.9,36517222.5,389518110.5,3356814747.3,985968219.3,10648457410.9,2994878144.8,30317360976.2,113690104749.7,109629743710.2,272094970569.3,47952050344.9,199800209044.5
6569.1,68975.3,42699,105105.3,42699,190503.3,614209,2131666.5,354730.3,1110174.5,25511022.2,11239695.9,48253177.1,18964934,67970270.8,68272448.4,122891064.1,414758573,37328797.1,398174930.6,3431418059.7,1007880806.2,10885113364.3,3061437620.5,31312150905.6,117420567020.8,113226975180.8,281023100454.4,49525479404.8,206356163436.8
6711.9,70475.2,43627.5,107390.7,43627.5,194645.7,627564.5,2178018,362443.7,1134314.5,26065741.3,11484095.1,49302408.4,19377313,69448236.2,69756984.6,125563243.4,423777205,38140485.4,406832962.9,3506031819.3,1029796461.8,11121802458.2,3128006417,32307010430,121151290272.9,116824458311.6,289951854946.3,51099018540.9,212912576479.9
6854.8,71975.2,44556.1,109676.5,44556.1,198788.6,640921.9,2224376.1,370158.1,1158457.8,26620538.1,11728528.6,50351786.5,19789749.9,70926408.7,71241728.5,128235796.9,432797099.6,38952287.4,415492207.5,3580656026,1051715185.8,11358524692.6,3194584534.3,33301939549.2,124882274505.9,120422193102.6,298881234045,52672667753.1,219469448173.7
6997.7,73475.4,45484.8,111962.6,45484.8,202932.1,654281.2,2270740.7,377873.6,1182604.5,27175412.6,11972996.3,51401311.5,20202244.4,72404788,72726680.4,130908724.5,441818257.1,39764203,424152664.4,3655290679.9,1073636978.5,11595280067.4,3261171972.3,34296938263.4,128613519719.9,124020179553.9,307811237750.6,54246427041.5,226026778518.3
7283.4,76475.9,47342.2,116534.7,47342.2,211219.2,680999.8,2363469.8,393304.7,1230898,28285161.6,12461931.6,53500361.6,21027233.5,75361546.7,75696584.1,136254579.7,459860572,41388034.2,441473578.2,3804559987.8,1117480563.8,12068790817,3394346848.3,35292006572.6,132345025914.9,127618417665.4,316741866062.9,55820296406.1,232584567513.7
7569.2,79476.6,49199.8,121107.2,49199.8,219506.8,707720.2,2456205.4,408736.8,1279194.8,29394988.2,12950901.2,55599558.6,21852280.4,78318512.4,78666695.6,141600809,477904149.6,43011979,458795704.2,3953839742.8,1161327217.6,12542334707,3527531045,36287144476.7,136076793091,131216907437.2,325673118982.1,57394275847,239142815160
7855,82477.5,51057.5,125680,51057.5,227795,734442.5,2548947.5,424170,1327495,30504892.5,13439905,57698902.5,22677385,81275685,81637015,146947412.5,495948990,44636037.5,476119042.5,4103129945,1205176940,13015911737.5,3660724562.5,37282351975.7,139808821248,134815648869.2,334604996508.1,58968365364,245701521457
8140.8,85478.6,52915.3,130253.1,52915.3,236083.8,761166.7,2641696.1,439604.3,1375798.6,31614874.5,13928943,59798393.3,23502547.3,84233064.5,84607542.3,152294390.2,513995093.2,46260209.7,493443593.1,4252430594.4,1249029731,13489521908.5,3793927400.8,38277629069.6,143541110385.9,138414641961.4,343537498640.9,60542564957.1,252260686404.7
8426.7,88479.9,54773.3,134826.6,54773.3,244373.1,787892.7,2734451.2,455039.6,1424105.5,32724934.1,14418015.3,61898031,24327767.4,87190651,87578277.4,157641742,532042459.1,47884495.5,510769355.9,4401741690.9,1292885590.5,13963165219.9,3927139559.8,39272975758.4,147273660504.9,142013886713.9,352470625380.6,62116874626.5,258820310003.3
8712.5,91481.5,56631.4,139400.3,56631.4,252663.1,814620.6,2827212.7,470476.1,1472415.9,33835071.4,14907121.7,63997815.7,25153045.2,90148444.4,90549220.4,162989467.9,550091087.8,49508894.9,528096331,4551063234.7,1336744518.6,14436841671.7,4060361039.5,40268392042.2,151006471604.9,145613383126.6,361404376727,63691294372.1,265380392252.7
8998.4,94483.2,58489.6,143974.4,58489.6,260953.6,841350.4,2919980.8,485913.6,1520729.6,34945286.4,15396262.4,66097747.2,25978380.8,93106444.8,93520371.2,168337568,568140979.2,51133408,545424518.4,4700395225.6,1380606515.2,14910551264,4193591840,41263877921,154739543685.9,149213131199.6,370338752680.3,65265824193.9,271940933152.9
9284.3,97485.2,60348,148548.8,60348,269244.7,868082,3012755.4,501352.2,1569046.7,36055579.1,15885437.3,68197825.7,26803774.1,96064652.1,96491729.9,173686042.3,586192133.4,52758034.8,562753918,4849737663.7,1424471580.4,15384293996.8,4326831961.3,42259433394.6,158472876747.8,152813130932.8,379273753240.4,66840464091.8,278501932703.8
9570.2,100487.3,62206.4,153123.5,62206.4,277536.4,894815.6,3105536.4,516791.9,1617367.2,37165949.4,16374646.4,70298051,27629225.1,99023066.3,99463296.5,179034890.7,604244550.4,54382775.2,580084530,4999090549,1468339714.2,15858069870,4460081403.3,43255058463.2,162206470790.7,156413382326.2,388209378407.3,68415214065.9,285063390905.5
9856.2,103489.7,64065,157698.6,64065,285828.6,921551,3198323.9,532232.6,1665691,38276397.4,16863889.8,72398423.3,28454733.9,101981687.5,102435070.9,184384113.2,622298230.1,56007629.2,597416354.2,5148453881.4,1512210916.5,16331878883.6,4593340166,44250753126.7,165940325814.7,160013885379.9,397145628181.1,69990074116.3,291625307758.1
10142.1,106492.3,65923.8,162273.9,65923.8,294121.5,948288.2,3291117.9,547674.5,1714018.3,39386923,17353167.3,74498942.5,29280300.4,104940515.6,105407053.2,189733709.9,640353172.6,57632596.9,614749390.6,5297827661.1,1556085187.4,16805721037.7,4726608249.5,45246517385.1,169674441819.6,163614640093.8,406082502561.6,71565044242.8,298187683261.4
10428.1,109495.1,67782.7,166849.6,67782.7,302414.9,975027.3,3383918.5,563117.4,1762348.9,40497526.4,17842479.1,76599608.6,30105924.7,107899550.7,108379243.3,195083680.8,658409377.8,59257678.3,632083639.3,5447211887.9,1599962526.8,17279596332.3,4859885653.8,46242351238.5,173408818805.5,167215646468,415020001549,73140124445.5,304750517415.5
10714.1,112498.1,69641.7,171425.6,69641.7,310708.9,1001768.4,3476725.5,578561.4,1810682.9,41608207.4,18331825.1,78700421.6,30931606.7,110858792.7,111351641.3,200434025.8,676466845.8,60882873.3,649419100.3,5596606561.9,1643842934.8,17753504767.3,4993172378.8,47238254686.8,177143456772.4,170816904502.4,423958125143.2,74715314724.4,311313810220.4
11000.1,115501.3,71500.8,176001.9,71500.8,319003.5,1028511.2,3569538.9,594006.5,1859020.3,42718966,18821205.3,80801381.5,31757346.4,113818241.6,114324247.2,205784744.9,694525576.6,62508181.9,666755773.6,5746011683.1,1687726411.4,18227446342.7,5126468424.5,48234227730,180878355720.3,174418414197,432896873344.2,76290615079.5,317877561676.1
11286.2,118504.7,73360,180578.6,73360,327298.6,1055256,3662358.9,609452.6,1907361,43829802.4,19310619.8,82902488.3,32583143.9,116777897.5,117297060.9,211135838.2,712585570.1,64133604.2,684093659.2,5895427251.4,1731612956.5,18701421058.6,5259773791,49230270368.2,184613515649.2,178020175551.9,441836246152.1,77866025510.8,324441771782.6
11572.2,121508.3,75219.4,185155.5,75219.4,335594.4,1082002.6,3755185.4,624899.9,1955705.2,44940716.4,19800068.4,85003742,33408999.1,119737760.3,120270082.5,216487305.7,730646826.4,65759140.2,701432757,6044853267,1775502570.2,19175428915,5393088478.3,51222355644.5,192083835506.9,185223698261.7,459714991767.7,81016846373.3,337570191995.5
11858.3,124512.2,77079,189732.8,77079,343890.7,1108751.1,3848018.3,640348.2,2004052.7,46051708.1,20289551.3,87105142.7,34234912.1,122697830.1,123243311.9,221839147.3,748709345.4,67384789.8,718773067,6194289729.7,1819395252.4,19649469911.8,5526412486.3,53214510515.8,199554416345.7,192427472631.7,477594361990.2,84167777312.1,350699070859.3
12144.4,127516.2,78938.6,194310.4,78938.6,352187.6,1135501.4,3940857.8,655797.6,2052403.6,47162777.4,20779068.4,89206690.2,35060882.8,125658106.8,126216749.2,227191363,766773127.2,69010553,736114589.4,6343736639.6,1863291003.2,20123544049,5659745815,55206734981.9,207025258165.4,199631498661.9,495474356819.6,87318818327,363828408373.8
12430.5,130520.5,80798.4,198888.3,80798.4,360485.1,1162253.6,4033703.7,671248.1,2100757.9,48273924.4,21268619.7,91308384.7,35886911.2,128618590.4,129190394.4,232543952.9,784838171.8,70636429.9,753457324,6493193996.7,1907189822.6,20597651326.7,5793088464.5,57199029043.1,214496360966.2,206835776352.4,513354976255.7,90469969418.2,376958204539.2
12716.7,133524.9,82658.3,203466.6,82658.3,368783.1,1189007.7,4126556.2,686699.6,2149115.5,49385149.1,21758205.3,93410226,36712997.4,131579281,132164247.4,237896917,802904479.1,72262420.5,770801270.9,6642661800.9,1951091710.5,21071791744.9,5926440434.8,59191392699.1,221967724747.9,214040305703.1,531236220298.7,93621230585.5,390088459355.3
13002.8,136529.6,84518.3,208045.1,84518.3,377081.8,1215763.7,4219415.1,702152.3,2197476.6,50496451.5,22247825,95512214.3,37539141.3,134540178.5,135138308.3,243250255.2,820972049.2,73888524.7,788146430.1,6792140052.4,1994996667,21545965303.5,6059801725.8,61183825950.1,229439349510.6,221245086714.1,549118088948.4,96772601829,403219172822.2
13289,139534.5,86378.5,212624,86378.5,385381,1242521.5,4312280.5,717606,2245841,51607831.5,22737479,97614349.5,38365343,137501283,138112577,248603967.5,839040882,75514742.5,805492801.5,6941628751,2038904692,22020172002.5,6193172337.5,63176328796,236911235254.3,228450119385.3,567000582205,99924083148.7,416350344939.9
13575.2,142539.6,88238.8,217203.2,88238.8,393680.8,1269281.2,4405152.4,733060.8,2294208.8,52719289.2,23227167.2,99716631.6,39191602.4,140462594.4,141087053.6,253958054,857110977.6,77141074,822840385.2,7091127896.8,2082815785.6,22494411842,6326552270,65168901236.8,244383381979,235655403716.7,584883700068.5,103075674544.6,429481975708.4
13861.4,145544.9,90099.2,221782.7,90099.2,401981.2,1296042.8,4498030.8,748516.7,2342580,53830824.6,23716889.6,101819060.6,40017919.5,143424112.7,144061738.1,259312514.7,875182336,78767519.2,840189181.2,7240637489.8,2126729947.8,22968684822,6459941523.3,67161543272.6,251855789684.7,242860939708.4,602767442538.7,106227376016.7,442614065127.7
14147.7,148550.4,91959.8,226362.6,91959.8,410282.1,1322806.2,4590915.7,763973.6,2390954.5,54942437.6,24206646.3,103921636.5,40844294.4,146385838,147036630.4,264667349.5,893254957.1,80394078,857539189.4,7390157529.9,2170647178.5,23442990942.4,6593340097.3,69154254903.2,259328458371.3,250066727360.3,620651809615.8,109379187564.9,455746613197.7
14720.1,154561.5,95680.9,235522.2,95680.9,426884.1,1376333.1,4776685.4,794887.6,2487703.7,57165663.7,25186159.5,108126788.4,42497044.2,152309288.6,152986415,275377019.1,929400199.3,83647195.6,892239205.9,7689197610.3,2258481639.9,24391603183.2,6860137245.3,71147036128.9,266801388039,257272766672.5,638536801299.6,112531109189.4,468879619918.6
15292.6,160572.7,99402.2,244682.2,99402.2,443486.6,1429861.8,4962461.7,825802.6,2584456.2,59388967.4,26165707,112332087.1,44149851.7,158232946.1,158936407.5,286087062.8,965546704.3,86900426.8,926940434.6,7988248137.8,2346319169.9,25340248564.4,7126943714,73139886949.4,274274578687.6,264479057644.9,656422417590.3,115683140890,482013085290.2
15865.2,166584.2,103123.5,253842.6,103123.5,460089.6,1483392.5,5148244.4,856718.6,2681212,61612348.9,27145288.8,116537532.8,45802716.9,164156810.5,164886607.9,296797480.7,1001694472.1,90153771.7,961642875.7,8287309112.4,2434159768.5,26288927086.1,7393759503.5,75132807364.9,281748030317.3,271685600277.5,674308658487.9,118835282666.9,495147009312.7
16437.7,172595.9,106845.1,263003.2,106845.1,476693.3,1536925,5334033.6,887635.8,2777971.3,63835808,28124904.7,120743125.4,47455639.9,170080881.9,170837016.1,307508272.8,1037843502.6,93407230.3,996346528.9,8586380534.3,2522003435.6,27237638748.3,7660584613.8,77125797375.3,289221742927.9,278892394570.4,692195523992.2,121987534519.9,508281391985.9
17010.3,178607.7,110566.7,272164.2,110566.7,493297.5,1590459.3,5519829.4,918554,2874733.9,66059344.7,29104554.9,124948864.8,49108620.6,176005160.2,176787632.2,318219439,1073993795.9,96660802.5,1031051394.5,8885462403.3,2609850171.3,28186383550.9,7927419044.8,79118856980.6,296695716519.5,286099440523.5,710083014103.4,125139896449.1,521416233309.9
17582.8,184619.8,114288.5,281325.4,114288.5,509902.4,1643995.5,5705631.6,949473.4,2971500,68282959.1,30084239.2,129154751.2,50761659.1,181929645.5,182738456.1,328930979.3,1110145351.9,99914488.3,1065757472.3,9184554719.6,2697699975.5,29135161493.9,8194262796.5,81111986180.9,304169951092.1,293306738136.9,727971128821.3,128292368454.5,534551533284.7
18155.4,190632.1,118010.4,290487,118010.4,526507.8,1697533.6,5891440.3,980393.8,3068269.4,70506651.2,31063957.8,133360784.5,52414755.3,187854337.7,188689487.9,339642893.8,1146298170.7,103168287.8,1100464762.4,9483657483,2785552848.3,30083972577.4,8461115869,83105184976.1,311644446645.7,300514287410.5,745859868146.1,131444950536.1,547687291910.3
18728.1,196644.6,121732.4,299649,121732.4,543113.7,1751073.6,6077255.5,1011315.2,3165042.1,72730421,32043710.7,137566964.7,54067909.2,193779236.8,194640727.6,350355182.5,1182452252.3,106422201,1135173264.8,9782770693.5,2873408789.7,31032816801.4,8727978262.3,85098453366.2,319119203180.3,307722088344.3,763749232077.8,134597642693.9,560823509186.7
19300.7,202657.4,125454.6,308811.2,125454.6,559720.3,1804615.5,6263077.1,1042237.8,3261818.3,74954268.5,33023497.7,141773291.9,55721120.9,199704342.9,200592175.1,361067845.3,1218607596.6,109676227.8,1169882979.5,10081894351.3,2961267799.6,31981694165.8,8994849976.3,87091791351.3,326594220695.9,314930140938.4,781639220616.2,137750444927.9,573960185113.9
19873.4,208670.3,129176.8,317973.8,129176.8,576327.4,1858159.2,6448905.3,1073161.4,3358597.8,77178193.6,34003319,145979765.9,57374390.3,205629655.9,206543830.5,371780882.2,1254764203.7,112930368.2,1204593906.4,10381028456.2,3049129878.1,32930604670.6,9261731011,89085198931.3,334069499192.5,322138445192.7,799529833761.5,140903357238.1,587097319691.9
20446,214683.4,132899.3,327136.6,132899.3,592935.2,1911704.7,6634740,1104086.2,3455380.8,79402196.3,34983174.4,150186386.8,59027717.5,211555175.9,212495693.7,382494293.3,1290922073.5,116184622.3,1239306045.5,10680173008.4,3136995025.1,33879548315.9,9528621366.5,91078676106.2,341545038670,329347001107.3,817421071513.5,144056379624.4,600234912920.6
21018.7,220696.8,136621.8,336299.8,136621.8,609543.5,1965252.2,6820581.1,1135012,3552167.1,81626276.8,35963064.1,154393154.7,60681102.4,217480902.8,218447764.8,393208078.6,1327081206.1,119438990.1,1274019397,10979328007.7,3224863240.7,34828525101.7,9795521042.8,93072222876.1,349020839128.6,336555808682.1,835312933872.4,147209512087,613372964800.2
21591.5,226710.3,140344.5,345463.4,140344.5,626152.3,2018801.5,7006428.8,1165938.8,3648956.7,83850434.9,36942988.1,158600069.4,62334545,223406836.6,224400043.8,403922238,1363241601.5,122693471.5,1308733960.7,11278493454.1,3312734524.9,35777535027.9,10062430039.8,95065839240.8,356496900568.1,343764867917.1,853205420838.2,150362754625.7,626511475330.5
22164.2,232724.1,144067.3,354627.2,144067.3,642761.8,2072352.7,7192282.9,1196866.8,3745749.8,86074670.7,37922946.2,162807131.1,63988045.4,229332977.4,230352530.6,414636771.5,1399403259.6,125948066.5,1343449736.7,11577669347.8,3400608877.6,36726578094.5,10329348357.5,97059525200.6,363973222988.7,350974178812.4,871098532410.7,153516107240.7,639650444511.7
22737,238738.1,147790.2,363791.4,147790.2,659371.8,2125905.8,7378143.5,1227795.8,3842546.2,88298984.2,38902938.6,167014339.7,65641603.5,235259325.1,236305225.3,425351679.2,1435566180.5,129202775.2,1378166725,11876855688.6,3488486298.9,37675654301.6,10596275996,99053280755.2,371449806390.2,358183741367.9,888992268590.1,156669569931.8,652789872343.6
23309.7,244752.3,151513.3,372955.8,151513.3,675982.5,2179460.7,7564010.6,1258726,3939346.1,90523375.3,39882965.1,171221695.2,67295219.4,241185879.8,242258127.8,436066961.1,1471730364.1,132457597.6,1412884925.5,12176052476.7,3576366788.7,38624763649.2,10863212955.3,103040791864.5,386402973193.2,372602866479,924779740948.8,162976495314,679068728007.4
23882.5,250766.7,155236.5,382120.6,155236.5,692593.7,2233017.5,7749884.2,1289657.2,4036149.3,92747844.1,40863025.9,175429197.6,68948893,247112641.4,248211238.2,446782617.1,1507895810.5,135712533.6,1447604338.3,12475259711.9,3664250347.1,39573906137.2,11130159235.3,107028372568.7,401356400977.2,387022243250.2,960567837914.3,169283530772.4,705348042322
24455.4,256781.3,158959.8,391285.8,158959.8,709205.4,2286576.2,7935764.3,1320589.4,4132955.8,94972390.6,41843121,179636846.9,70602624.3,253039609.9,254164556.5,457498647.2,1544062519.7,138967583.2,1482324963.4,12774477394.2,3752136974.1,40523081765.6,11397114836,111016022867.8,416310089742.3,401441871681.8,996356559486.7,175590676307.1,731627815287.5
25028.2,262796.1,162683.3,400451.2,162683.3,725817.8,2340136.7,8121650.9,1351522.8,4229765.8,97197014.7,42823250.2,183844643.1,72256413.4,258966785.4,260118082.6,468215051.5,1580230491.6,142222746.5,1517046800.7,13073705523.8,3840026669.6,41472290534.5,11664079757.5,115003742761.9,431264039488.3,415861751773.5,1032145905665.9,181897931917.9,757908046903.7
25601.1,268811.1,166406.9,409617,166406.9,742430.7,2393699.1,8307544,1382457.2,4326579.1,99421716.5,43803413.7,188052586.2,73910260.2,264894167.8,266071816.6,478931830,1616399726.3,145478023.5,1551769850.3,13372944100.5,3927919433.7,42421532443.9,11931053999.8,118991532250.9,446218250215.3,430281883525.5,1067935876451.9,188205297604.9,784188737170.7
26173.9,274826.4,170130.6,418783,170130.6,759044.3,2447263.4,8493443.5,1413392.8,4423395.9,101646496,44783611.3,192260676.3,75564164.8,270821757.2,272025758.4,489648982.6,1652570223.7,148733414.1,1586494112.2,13672193124.5,4015815266.3,43370807493.7,12198037562.8,122979391334.8,461172721923.3,444702266937.8,1103726471844.7,194512773368.1,810469886088.5
26746.8,280841.8,173854.5,427949.4,173854.5,775658.4,2500829.5,8679349.6,1444329.4,4520216,103871353.1,45763843.2,196468913.2,77218127.1,276749553.5,277979908.1,500366509.3,1688741983.9,151988918.3,1621219586.3,13971452595.6,4103714167.5,44320115683.9,12465030446.5,126967320013.7,476127454612.2,459122902010.2,1139517691844.3,200820359207.4,836751493657
27319.8,286857.5,177578.4,437116.2,177578.4,792273,2554397.6,8865262.1,1475267,4617039.4,106096288,46744109.4,200677297.1,78872147.1,282677556.7,283934265.7,511084410.2,1724915006.9,155244536.2,1655946272.8,14270722513.8,4191616137.3,45269457014.6,12732032651,130955318287.5,491082448282.2,473543788743,1175309536450.8,207128055123,863033559876.4
27892.7,292873.4,181302.6,446283.2,181302.6,808888.3,2607967.5,9051181.1,1506205.8,4713866.3,108321300.5,47724409.7,204885827.9,80526224.9,288605766.9,289888831.1,521802685.3,1761089292.6,158500267.8,1690674171.5,14570002879.3,4279521175.6,46218831485.8,12999044176.3,134943386156.2,506037702933.2,487964927135.9,1211102005664.1,213435861114.8,889316084746.6
28465.7,298889.4,185026.8,455450.6,185026.8,825504.1,2661539.2,9237106.7,1537145.6,4810696.5,110546390.6,48704744.3,209094505.5,82180360.4,294534184,295843604.4,532521334.5,1797264841.1,161756113,1725403282.4,14869293691.9,4367429282.5,47168239097.4,13266065022.3,138931523619.8,520993218565.1,502386317189.1,1246895099484.2,219743777182.7,915599068267.5
29611.6,310921.6,192475.3,473785.3,192475.3,858735.8,2768682.7,9608957.7,1599025.3,5004357,114996570.9,50665413.4,217511860.9,85488631.5,306391018.3,307753150.9,553958632.9,1869615938,168267803.4,1794861504.3,15467875317.2,4543245496.2,49067054320.6,13800106714.3,142919730678.4,535948995178.1,516807958902.6,1282688817911.1,226051803326.9,941882510439.3
30757.5,322954,199923.9,492120.3,199923.9,891968.1,2875828.1,9980815.2,1660906.1,5198020.9,119446828.9,52626116.7,225929363.2,88796960.2,318248059.4,319662905.4,575396305.4,1941968297.8,174779607.4,1864320938.5,16066467389.7,4719064778.6,50965902684.2,14334157727,146908007331.9,550905032772,531229852276.2,1318483160944.8,232359939547.2,968166411261.8
31903.5,334986.5,207372.6,510455.7,207372.6,925200.9,2982975.4,10352679.3,1722787.9,5391688.1,123897164.6,54586854.3,234347012.3,92105346.8,330105307.6,331572867.6,596834352.1,2014321920.2,181291525.1,1933781585,16665069909.3,4894887129.4,52864784188.3,14868218060.5,150896353580.4,565861331346.9,545651997310.2,1354278128585.4,238668185843.7,994450770735.1
33049.5,347019.3,214821.5,528791.4,214821.5,958434.3,3090124.5,10724549.8,1784670.8,5585358.7,128347577.9,56547626.1,242764808.4,95413791,341962762.6,343483037.8,618272773,2086676805.5,187803556.5,2003243443.7,17263682876.1,5070712548.9,54763698832.9,15402287714.8,154884769423.7,580817890902.8,560074394004.3,1390073720832.8,244976542216.4,1020735588859.2
34195.5,359052.3,222270.5,547127.4,222270.5,991668.3,3197275.5,11096426.8,1846554.8,5779032.7,132798068.9,58508432.1,251182751.4,98722293,353820424.6,355393415.8,639711568,2159032953.5,194315701.5,2072706514.7,17862306290.1,5246541036.9,56662646617.9,15936366689.8,158873254862,595774711439.7,574497042358.7,1425869937687,251285008665.3,1047020865634.1
35341.5,371085.5,229719.6,565463.7,229719.6,1024902.9,3304428.4,11468310.3,1908439.9,5972710.1,137248637.6,60469272.3,259600841.3,102030852.8,365678293.6,367304001.6,661150737.1,2231390364.2,200827960.1,2142170798,18460940151.3,5422372593.4,58561627543.3,16470454985.5,162861809895.3,610731792957.6,588919942373.4,1461666779148,257593585190.4,1073306601059.8
36487.5,383119,237168.9,583800.3,237168.9,1058138.1,3411583.1,11840200.2,1970326.1,6166390.9,141699283.9,62430146.7,268019078.2,105339470.2,377536369.4,379214795.4,682590280.4,2303749037.8,207340332.4,2211636293.5,19059584459.7,5598207218.6,60460641609.2,17004552602,166850434523.4,625689135456.5,603343094048.2,1497464245215.8,263902271791.7,1099592795136.3
37633.6,395152.6,244618.3,602137.3,244618.3,1091373.8,3518739.7,12212096.7,2032213.3,6360075,146150007.9,64391055.4,276437461.9,108648145.5,389394652.3,391125796.9,704030197.9,2376108974,213852818.4,2281103001.3,19658239215.2,5774044912.2,62359688815.6,17538659539.3,170839128746.5,640646738936.4,617766497383.4,1533262335890.5,270211068469.2,1125879447863.6
38779.7,407186.4,252067.8,620474.6,252067.8,1124610.1,3625898.2,12583999.7,2094101.6,6553762.5,150600809.6,66351998.3,284855992.5,111956878.4,401253142,403037006.4,725470489.5,2448470173.1,220365418,2350570921.4,20256904417.9,5949885674.5,64258769162.4,18072775797.3,174827892564.5,655604603397.2,632190152378.7,1569061051172,276519975222.8,1152166559241.6
39925.8,419220.5,259517.4,638812.2,259517.4,1157847,3733058.6,12955909.1,2155991,6747453.4,155051689,68312975.4,293274670.1,115265669.1,413111838.7,414948423.7,746911155.2,2520832634.9,226878131.2,2420040053.8,20855580067.8,6125729505.3,66157882649.6,18606901376,178816725977.5,670562728839.1,646614059034.3,1604860391060.3,282828992052.7,1178454129270.5
41071.9,431254.7,266967.2,657150.1,266967.2,1191084.5,3840220.8,13327825.1,2217881.5,6941147.7,159502646,70273986.7,301693494.5,118574517.6,424970742.4,426860048.8,768352195.1,2593196359.4,233390958.1,2489510398.4,21454266164.9,6301576404.6,68057029277.3,19141036275.5,182805628985.4,685521115261.9,661038217350.2,1640660355555.4,289138118958.7,1204742157950.1
42218,443289.2,274417.1,675488.3,274417.1,1224322.6,3947384.9,13699747.5,2279773.1,7134845.4,163953680.7,72235032.2,310112465.9,121883423.7,436829852.9,438771881.9,789793609.2,2665561346.8,239903898.7,2558981955.3,22052962709.2,6477426372.6,69956209045.5,19675180495.8,186794601588.2,700479762665.7,675462627326.2,1676460944657.3,295447355940.9,1231030645280.5
43364.2,455323.9,281867.2,693826.9,281867.2,1257561.2,4054550.8,14071676.4,2341665.7,7328546.4,168404793,74196112,318531584.2,125192387.7,448689170.5,450683922.7,811235397.4,2737927596.8,246416952.9,2628454724.4,22651669700.6,6653279409,71855421954.1,20209334036.8,190783643785.9,715438671050.6,689887288962.6,1712262158366.1,301756702999.4,1257319591261.8
44510.4,467358.8,289317.3,712165.8,289317.3,1290800.4,4161718.7,14443611.8,2403559.4,7522250.8,172855983.1,76157226,326950849.4,128501409.3,460548694.9,462596171.5,832677559.7,2810295109.7,252930120.7,2697928705.9,23250387139.2,6829135514.1,73754668003.1,20743496898.5,194772755578.6,730397840416.4,704312202259.1,1748063996681.7,308066160134,1283608995893.8
45656.6,479393.9,296767.6,730505,296767.6,1324040.2,4268888.4,14815553.7,2465454.2,7715958.6,177307250.8,78118374.2,335370261.5,131810488.7,472408426.3,474508628.1,854120096.2,2882663885.3,259443402.2,2767403899.6,23849115025,7004994687.7,75653947192.6,21277669081,198761936966.2,745357270763.2,718737367215.9,1783866459604.1,314375727344.8,1309898859176.6
46802.8,491429.2,304218.1,748844.5,304218.1,1357280.6,4376059.9,15187502.1,2527350.1,7909669.8,181758596.1,80079556.6,343789820.5,135119625.9,484268364.7,486421292.5,875563006.9,2955033923.6,265956797.4,2836880305.5,24447853358,7180856929.8,77553259522.6,21811850584.3,206740299741.4,775276131456.8,747587697129.5,1855471385448.9,326994861766.4,1362478585742.2
47949,503464.7,311668.6,767184.3,311668.6,1390521.6,4483233.4,15559457,2589247.1,8103384.4,186210019.2,82040773.2,352209526.4,138428820.7,496128509.9,498334164.9,897006291.7,3027405224.8,272470306.2,2906357923.8,25046602138.2,7356722240.6,79452604993,22346041408.3,214718732111.5,805195253131.4,776438278703.4,1927076935900.5,339614106264.2,1415058770958.6
49095.3,515500.4,319119.3,785524.5,319119.3,1423763.1,4590408.7,15931418.4,2651145.1,8297102.3,190661519.9,84002024.1,360629379.2,141738073.4,507988862.2,510247245,918449950.6,3099777788.6,278983928.6,2975836754.3,25645361365.5,7532590619.8,81351983603.8,22880241553,222697234076.6,835114635786.9,805289111937.4,1998683110958.9,352233460838.1,1467639414825.7
50241.6,527536.4,326570.1,803865,326570.1,1457005.2,4697585.9,16303386.2,2713044.2,8490823.6,195113098.3,85963309.2,369049379,145047383.7,519849421.3,522160533.1,939893983.7,3172151615.3,285497664.7,3045316797.1,26244131040,7708462067.7,83251395355.1,23414451018.5,230675805636.6,865034279423.5,834140196831.8,2070289910624.2,364852925488.3,1520220517343.7
51387.9,539572.5,334021.1,822205.8,334021.1,1490247.9,4804764.9,16675360.6,2774944.4,8684548.3,199564754.3,87924628.5,377469525.6,148356751.8,531710187.4,534074029,961338391,3244526704.7,292011514.5,3114798052.1,26842911161.7,7884336584.1,85150840246.9,23948669804.8,238654446791.5,894954184041.1,862991533386.3,2141897334896.3,377472500214.7,1572802078512.5
52534.2,551608.9,341472.2,840546.9,341472.2,1523491.2,4911945.8,17047341.4,2836845.7,8878276.4,204016488,89885982,385889819.2,151666177.7,543571160.5,545987732.7,982783172.4,3316903056.8,298525477.9,3184280519.4,27441701730.6,8060214169,87050318279.1,24482897911.8,246633157541.3,924874349639.6,891843121601.1,2213505383775.2,390092185017.2,1625384098332
53680.5,563645.5,348923.4,858888.3,348923.4,1556735.1,5019128.6,17419328.7,2898748.1,9072007.9,208468299.4,91847369.7,394310259.7,154975661.2,555432340.4,557901644.4,1004228327.9,3389280671.8,305039554.9,3253764199,28040502746.7,8236094822.6,88949829451.7,25017135339.5,254611937886.1,954794776219.2,920694961476.2,2285114057260.9,402711979896,1677966576802.4
54826.9,575682.2,356374.7,877230.1,356374.7,1589979.5,5126313.3,17791322.6,2960651.5,9265742.7,212920188.5,93808791.7,402730847,158285202.6,567293727.4,569815763.8,1025673857.6,3461659549.4,311553745.6,3323249090.9,28639314209.9,8411978544.6,90849373764.8,25551382088,262590787825.8,984715463779.7,949547053011.4,2356723355353.4,415331884850.9,1730549513923.5
55973.3,587719.2,363826.2,895572.2,363826.2,1623224.5,5233499.8,18163322.9,3022556,9459480.9,217372155.2,95770247.9,411151581.3,161594801.6,579155321.2,581730091.2,1047119761.5,3534039689.9,318068050,3392735195,29238136120.3,8587865335.3,92748951218.4,26085638157.3,270569707360.5,1014636412321.2,978399396207,2428333278052.8,427951899882,1783132909695.4
57119.7,599756.4,371277.8,913914.6,371277.8,1656470.1,5340688.2,18535329.7,3084461.6,9653222.5,221824199.6,97731738.3,419572462.5,164904458.4,591017122,593644626.4,1068566039.5,3606421093.1,324582468,3462222511.4,29836968477.9,8763755194.5,94648561812.4,26619903547.3,278548696490,1044557621843.7,1007251991062.7,2499943825359,440572024989.3,1835716764118.1
59412.5,623830.8,386181,950599.4,386181,1722961.3,5555065,19279343.3,3208272.8,10040705.7,230728288.4,101654719.1,436414224.9,171523772,614740723.6,617473696.8,1111458595.5,3751183899.5,337611304,3601197144.2,31034633193.1,9115534912.9,98447783000.4,27688434327.3,286527755214.5,1074479092347.2,1036104837578.7,2571554997272,453192260172.8,1888301077191.6
61705.3,647905.4,401084.3,987284.5,401084.3,1789453.1,5769443.7,20023363.4,3332085.1,10428192.3,239632454.9,105577734.1,453256134.2,178143143.4,638464532.2,641302975,1154351525.6,3895947968.6,350640253.6,3740172989.3,32232308355.5,9467317699.8,102247037328.8,28756974428,294506883534,1104400823831.7,1064957935755,2643166793791.8,465812605432.5,1940885848915.9
63998.1,671980.3,415987.8,1023969.9,415987.8,1855945.5,5983824.2,20767389.9,3455898.5,10815682.3,248536699,109500783.3,470098190.5,184762572.4,662188547.6,665132461.2,1197244829.9,4040713300.6,363669316.9,3879150046.6,33429993965.1,9819103555.4,106046324797.7,29825523849.5,302486081448.3,1134322816297.2,1093811285591.4,2714779214918.4,478433060768.4,1993471079291
66291,696055.3,430891.4,1060655.7,430891.4,1922438.4,6198206.6,21511423,3579712.9,11203175.6,257441020.8,113423866.8,486940393.6,191382059.3,685912770.1,688962155.1,1240138508.4,4185479895.2,376698493.9,4018128316.2,34627690021.8,10170892479.4,109845645407.1,30894082591.8,310465348957.6,1164245069743.7,1122664887088.2,2786392260651.9,491053626180.5,2046056768316.9
68583.9,720130.5,445795.1,1097341.8,445795.1,1988931.9,6412590.9,22255462.6,3703528.4,11590672.3,266345420.3,117346984.5,503782743.6,198001603.8,709637199.4,712792057,1283032561,4330247752.7,389727784.5,4157107798.1,35825396525.7,10522684472.1,113644999156.9,31962650654.8,318444686061.8,1194167584171.1,1151518740245.1,2858005930992.2,503674301668.7,2098642915993.5
70876.8,744206,460698.9,1134028.2,460698.9,2055426,6626977.1,22999508.6,3827345,11978172.4,275249897.5,121270136.4,520625240.6,204621206.1,733361835.7,736622166.7,1325926987.7,4475016872.9,402757188.7,4296088492.3,37023113476.8,10874479533.3,117444386047.1,33031228038.5,326424092761,1224090359579.6,1180372845062.3,2929620225939.3,516295087233.2,2151229522321
73169.7,768281.6,475602.9,1170714.9,475602.9,2121920.7,6841365.1,23743561.2,3951162.7,12365675.9,284154452.3,125193322.5,537467884.4,211240866.2,757086679,760452484.2,1368821788.6,4619787255.8,415786706.6,4435070398.7,38220840875.1,11226277663,121243806077.8,34099814743,334403569055.1,1254013395969,1209227201539.8,3001235145493.2,528915982873.8,2203816587299.2
75462.6,792357.5,490507,1207401.9,490507,2188416,7055755,24487620.2,4074981.5,12753182.8,293059084.8,129116542.8,554310675.2,217860583.9,780811729.1,784283009.7,1411716963.7,4764558901.6,428816338.2,4574053517.4,39418578720.6,11578078861.4,125043259249,35168410768.3,342383114944.1,1283936693339.4,1238081809677.4,3072850689653.9,541536988590.6,2256404110928.2
77755.6,816433.6,505411.3,1244089.3,505411.3,2254911.8,7270146.7,25231685.7,4198801.3,13140693,301963794.9,133039797.4,571153612.9,224480359.5,804536986.3,808113742.9,1454612512.9,4909331810,441846083.4,4713037848.3,40616327013.2,11929883128.2,128842745560.6,36237016114.3,350362730428,1313860251690.9,1266936669475.4,3144466858421.5,554158104383.7,2308992093208.1
80048.6,840509.9,520315.6,1280777,520315.6,2321408.2,7484540.4,25975757.7,4322622.2,13528206.6,310868582.8,136963086.2,587996697.5,231100192.7,828262450.3,831944684.1,1497508436.2,5054105981.3,454875942.2,4852023391.6,41814085753,12281690463.7,132642265012.6,37305630781,358342415506.9,1343784071023.3,1295791780933.5,3216083651795.9,566779330252.9,2361580534138.7
82341.6,864586.4,535220.1,1317465,535220.1,2387905.2,7698935.9,26719836.2,4446444.2,13915723.6,319773448.3,140886409.2,604839929,237720083.7,851988121.3,855775833.1,1540404733.7,5198881415.3,467905914.7,4991010147.1,43011854940,12633500867.7,136441817605.1,38374254768.5,366322170180.7,1373708151336.7,1324647144051.9,3287701069777.1,579400666198.3,2414169433720.1
84634.6,888663.1,550124.8,1354153.3,550124.8,2454402.8,7913333.2,27463921.2,4570267.3,14303244,328678391.4,144809766.4,621683307.4,244340032.5,875713999.3,879607189.9,1583301405.4,5343658112,480936000.9,5129998114.8,44209634574.2,12985314340.2,140241403338.1,39442888076.8,374301994449.4,1403632492631.1,1353502758830.6,3359319112365.1,592022112219.9,2466758791952.3
86927.6,912740,565029.5,1390841.9,565029.5,2520901,8127732.5,28208012.7,4694091.5,14690767.8,337583412.3,148733157.8,638526832.7,250960038.9,899440084.1,903438754.7,1626198451.2,5488436071.6,493966200.7,5268987294.9,45407424655.6,13337130881.4,144041022211.5,40511530705.8,382281888313.1,1433557094906.4,1382358625269.4,3430937779559.9,604643668317.6,2519348608835.2
89220.7,936817.1,579934.4,1427530.9,579934.4,2587399.7,8342133.6,28952110.7,4817916.7,15078294.9,346488510.8,152656583.5,655370504.9,257580103.2,923166376,927270527.2,1669095871.1,5633215293.8,506996514.1,5407977687.2,46605225184.1,13688950491,147840674225.3,41580182655.5,390261851771.7,1463481958162.8,1411214743368.6,3502557071361.6,617265334491.6,2571938884369
91513.8,960894.5,594839.4,1464220.2,594839.4,2653899,8556536.6,29696215.1,4941743,15465825.4,355393687,156580043.4,672214324.1,264200225.1,946892874.7,951102507.7,1711993665.2,5777995778.9,520026941.2,5546969291.8,47803036159.8,14040773169.3,151640359379.6,42648843926,398241884825.2,1493407082400.2,1440071113127.9,3574176987770.1,629887110741.8,2624529618553.6
93806.9,984972,609744.6,1500909.8,609744.6,2720398.9,8770941.4,30440326.1,5065570.4,15853359.3,364298940.8,160503537.5,689058290.1,270820404.8,970619580.4,974934696,1754891833.5,5922777526.7,533057482,5685962108.6,49000857582.7,14392598916.1,155440077674.4,43717514517.3,414201950932.2,1553257330874.9,1497783852646.6,3717416820587,655130663242.1,2729711086922.7
96100,1009049.8,624649.9,1537599.7,624649.9,2786899.4,8985348.1,31184443.5,5189398.9,16240896.6,373204272.3,164427065.8,705902403.1,277440642.3,994346493.1,998767092.1,1797790375.9,6067560537.2,546088136.4,5824956137.7,50198689452.8,14744427731.4,159239829109.6,44786194429.3,334403569055.1,1254013395969,1209227201539.8,3001235145493.2,528915982873.8,2203816587299.2
98393.1,1033127.8,639555.3,1574289.9,639555.3,2853400.5,9199756.7,31928567.4,5313228.5,16628437.3,382109681.5,168350628.3,722746663,284060937.4,1018073612.6,1022599696.2,1840689292.4,6212344810.6,559118904.4,5963951379.1,51396531770.1,15096259615.4,163039613685.2,45854883662,342383114944.1,1283936693339.4,1238081809677.4,3072850689653.9,541536988590.6,2256404110928.2
100686.3,1057205.9,654460.8,1610980.5,654460.8,2919902.1,9414167.2,32672697.9,5437059.1,17015981.3,391015168.4,172274225.1,739591069.7,290681290.4,1041800939.2,1046432508,1883588583.1,6357130346.6,572149786.1,6102947832.8,52594384534.5,15448094567.8,166839431401.3,46923582215.5,350362730428,1313860251690.9,1266936669475.4,3144466858421.5,554158104383.7,2308992093208.1
102979.5,1081284.3,669366.5,1647671.4,669366.5,2986404.3,9628579.5,33416834.8,5560890.8,17403528.7,399920732.9,176197856.1,756435623.4,297301701,1065528472.6,1070265527.8,1926488248,6501917145.5,585180781.5,6241945498.7,53792247746.1,15799932588.9,170639282257.9,47992290089.8,358342415506.9,1343784071023.3,1295791780933.5,3216083651795.9,566779330252.9,2361580534138.7
105272.7,1105362.9,684272.3,1684362.6,684272.3,3052907.1,9842993.7,34160978.2,5684723.6,17791079.5,408826375.1,180121521.3,773280324,303922169.4,1089256213,1094098755.4,1969388287,6646705207.1,598211890.5,6380944376.9,54990121404.9,16151773678.5,174439166254.9,49061007284.8,366322170180.7,1373708151336.7,1324647144051.9,3287701069777.1,579400666198.3,2414169433720.1
107565.9,1129441.7,699178.2,1721054.1,699178.2,3119410.5,10057409.8,34905128.1,5808557.5,18178633.7,417732095,184045220.7,790125171.5,310542695.6,1112984160.4,1117932190.8,2012288700.1,6791494531.4,611243113.1,6519944467.4,56188005510.9,16503617836.6,178239083392.3,50129733800.5,374301994449.4,1403632492631.1,1353502758830.6,3359319112365.1,592022112219.9,2466758791952.3
109859.1,1153520.8,714084.3,1757745.9,714084.3,3185914.5,10271827.7,35649284.4,5932392.5,18566191.3,426637892.5,187968954.3,806970166,317163279.4,1136712314.6,1141765834.2,2055189487.4,6936285118.6,624274449.4,6658945770.1,57385900064.1,16855465063.4,182039033670.2,51198469637,382281888313.1,1433557094906.4,1382358625269.4,3430937779559.9,604643668317.6,2519348608835.2
112152.4,1177600,728990.5,1794438.1,728990.5,3252419,10486247.5,36393447.3,6056228.5,18953752.2,435543767.7,191892722.2,823815307.3,323783921.1,1160440675.9,1165599685.3,2098090648.9,7081076968.4,637305899.4,6797948285.1,58583805064.4,17207315358.6,185839017088.6,52267214794.3,390261851771.7,1463481958162.8,1411214743368.6,3502557071361.6,617265334491.6,2571938884369
114445.7,1201679.4,743896.8,1831130.6,743896.8,3318924.1,10700669.2,37137616.7,6180065.6,19341316.5,444449720.6,195816524.3,840660595.5,330404620.4,1184169244,1189433744.4,2140992184.5,7225870081.1,650337463,6936952012.4,59781720511.9,17559168722.5,189639033647.4,53335969272.3,398241884825.2,1493407082400.2,1440071113127.9,3574176987770.1,629887110741.8,2624529618553.6
119032.2,1249838.3,773709.4,1904515.5,773709.4,3451934.4,11129512.6,38625955.4,6427739.9,20116445.2,462261626.4,203664128.4,874351172,343646019.1,1231626380.3,1237101862.5,2226795255.7,7515456306.4,676400590.2,7214959467,62177551407,18262875450.2,197239066765,55473478228.3,414201950932.2,1553257330874.9,1497783852646.6,3717416820587,655130663242.1,2729711086922.7