0,1,2,3,9,8,10,11,12,13,14,15,5,17,6,16,4,18,7,19,20,21,22,23,24,25,26,27,28,29
66,93,127,252,513,1529,2066,2792,5610,11233,33695,45484,68225,92101,184205,552608,746021,1007130,1510646,3021285,9063859,12236196,16518864,24778290,49556583,148669746,200704158,270950610,365783325,731566643
73,102,140,278,565,1682,2273,3072,6171,12356,37064,50033,75047,101311,202626,607869,820624,1107843,1661711,3323413,9970245,13459816,18170750,27256119,54512241,163536721,220774573,298045671,402361658,804723307
80,112,154,305,621,1850,2500,3379,6789,13592,40771,55036,82552,111442,222888,668656,902686,1218628,1827882,3655755,10967269,14805797,19987825,29981730,59963465,179890393,242852031,327850238,442597823,885195638
88,123,169,336,683,2034,2748,3715,7462,14940,44814,60494,90739,122494,244992,734966,992206,1339479,2009153,4018296,12054894,16274088,21970018,32955018,65910042,197730123,266935667,360363146,486490250,972980489
97,135,186,369,750,2233,3016,4078,8191,16400,49195,66406,99608,134467,268937,806802,1089184,1470400,2205528,4411044,13233139,17864717,24117367,36176042,72352089,217056265,293025959,395585040,534039806,1068079602
106,148,203,404,822,2447,3306,4469,8977,17973,53912,72774,109159,147361,294726,884166,1193626,1611396,2417016,4834019,14502065,19577765,26429982,39644963,79289931,237869790,321124218,433517690,585248883,1170497756
116,162,223,442,899,2676,3616,4887,9818,19658,58966,79597,119392,161176,322356,967057,1305528,1762465,2643612,5287208,15861633,21413180,28907793,43361678,86723362,260170083,351229613,474159973,640115966,1280231920
127,177,243,482,981,2920,3947,5334,10716,21455,64357,86874,130308,175913,351829,1055474,1424892,1923607,2885317,5770618,17311862,23370987,31550832,47326236,94652479,283957434,383342537,517512420,698641769,1397283525
138,193,265,525,1069,3180,4298,5809,11670,23365,70086,94607,141908,191571,383146,1149422,1551722,2094827,3142139,6284261,18852791,25451238,34359172,51538744,103077496,309232485,417463856,563576200,760827872,1521655731
150,209,288,571,1161,3455,4669,6312,12680,25387,76151,102794,154188,208150,416303,1248893,1686008,2276113,3414059,6828101,20484312,27653788,37332614,55998907,111997823,335993464,453591178,612348085,826669916,1653339818
162,227,313,619,1259,3745,5062,6842,13746,27522,82553,111436,167151,225649,451302,1353888,1827751,2467467,3701079,7402139,22206428,29978642,40471167,60706735,121413479,364240435,491724589,663828189,896168056,1792336096
176,246,339,669,1361,4051,5476,7401,14868,29768,89292,120533,180795,244068,488141,1464405,1976950,2668886,4003199,8006375,24019139,32425799,43774829,65662226,131324461,393973382,531864067,718016484,969322255,1938644491
189,265,365,722,1469,4372,5910,7987,16046,32127,96368,130085,195123,263411,526827,1580459,2133623,2880395,4320452,8640881,25922656,34995544,47243984,70865957,141731925,425195773,574014295,774919290,1046141044,2092282067
204,286,393,778,1583,4708,6364,8601,17281,34598,103781,140091,210132,283672,567350,1702028,2297741,3101955,4652781,9305537,27916626,37687401,50877991,76316967,152633945,457901832,618167474,834526082,1126610213,2253220404
219,307,422,836,1701,5060,6839,9244,18571,37182,111531,150553,225824,304857,609720,1829135,2469337,3333609,5000251,10000475,30001440,40501896,54677560,82016318,164032647,492097940,664332221,896848489,1210745464,2421490903
235,329,452,897,1824,5427,7335,9914,19918,39879,119618,161470,242199,326962,653931,1961766,2648389,3575328,5362820,10725609,32176845,43438688,58642230,87963322,175926655,527779962,712502951,961878973,1298536618,2597073209
252,352,484,960,1952,5809,7852,10613,21321,42687,128042,172840,259254,349986,699980,2099914,2834889,3827103,5740469,11480907,34442738,46497641,62771815,94157699,188315410,564946227,762677409,1029614491,1389979566,2779959104
269,376,517,1026,2086,6207,8389,11339,22779,45608,136803,184666,276993,373932,747873,2243590,3028851,4088953,6133232,12266431,36799310,49679009,67066663,100599968,201199951,603599848,814859797,1100060714,1485081968,2970163907
287,401,552,1094,2225,6620,8947,12093,24295,48641,145900,196946,295413,398799,797607,2392789,3230270,4360868,6541092,13082148,39246464,52982664,71526596,107289866,214579748,643739238,869047973,1173214752,1583839919,3167679806
305,427,588,1165,2368,7048,9525,12874,25866,51786,155336,209683,314517,424589,849188,2547530,3439171,4642886,6964105,13928171,41784533,56409053,76152221,114228302,228456620,685369854,925249306,1249086550,1686266846,3372533659
325,454,625,1238,2518,7491,10125,13685,27493,55044,165108,222874,334303,451300,902611,2707796,3655530,4934970,7402217,14804392,44413198,59957747,80942957,121414404,242828826,728486471,983456739,1327666584,1792349893,3584699752
345,482,663,1314,2672,7949,10745,14523,29177,58415,175215,236518,354769,478928,957868,2873567,3879322,5237088,7855380,15710717,47132174,63628360,85898285,128847394,257694807,773084413,1043663961,1408946333,1902077553,3804155070
365,511,703,1392,2831,8423,11386,15389,30916,61897,185662,250619,375921,507482,1014977,3044889,4110607,5549323,8323718,16647390,49942194,67421882,91019540,136529275,273058571,819175706,1105887207,1492947713,2015479417,4030958796
386,541,744,1473,2995,8912,12047,16282,32712,65492,196445,265175,397754,536956,1073926,3221736,4349351,5871628,8807160,17614270,52842837,71337745,96305955,144458895,288917813,866753431,1170117135,1579658116,2132538462,4265076882
429,600,825,1634,3324,9890,13369,18070,36302,72682,218011,294286,441420,595904,1191822,3575418,4826823,6516216,9774010,19547965,58643924,79169202,106878423,160317593,320635210,961905623,1298572595,1753072984,2366648534,4733297022
472,661,908,1799,3658,10884,14712,19885,39949,79983,239912,323850,485765,655768,1311553,3934605,5311725,7170834,10755907,21511753,64535292,87122541,117615429,176423099,352846223,1058538662,1429027198,1929186696,2604402046,5208804041
515,721,992,1966,3997,11893,16076,21728,43653,87398,262153,353871,530795,716557,1433133,4299343,5804122,7835571,11752979,23505893,70517714,95198800,128518379,192777520,385555068,1156665196,1561498019,2108022302,2845830115,5691660176
560,784,1078,2135,4341,12917,17461,23599,47412,94924,284729,384347,576507,778267,1556555,4669602,6303973,8510370,12765146,25530221,76590699,103397321,139586382,209379520,418759070,1256277203,1695974229,2289565183,3090913005,6181825951
605,847,1165,2307,4691,13957,18866,25498,51228,102563,307641,415275,622898,840895,1681811,5045365,6811254,9195200,13792358,27584638,82753953,111717704,150818897,226228291,452456613,1357369830,1832449275,2473806493,3339638775,6679277485
651,911,1253,2481,5045,15012,20292,27425,55099,110315,330893,446661,669977,904450,1808922,5426693,7326048,9890173,14834784,29669485,89008497,120161328,162217790,243326625,486653284,1459959841,1970945791,2660776788,3592048673,7184097277
697,976,1342,2658,5405,16082,21738,29380,59027,118178,354479,478499,717733,968919,1937862,5813508,7848249,10595145,15892208,31784326,95353022,128726427,173780674,260670946,521341929,1564025779,2111434807,2850436958,3848089902,7696179731
744,1041,1433,2837,5770,17167,23205,31363,63010,126154,378403,510793,766173,1034311,2068648,6205861,8377927,11310211,16964773,33929450,101788397,137414174,185509131,278263628,556527296,1669581878,2253935542,3042812948,4107797490,8215594900
792,1108,1525,3020,6139,18267,24693,33373,67050,134242,402662,543540,815292,1100621,2201270,6603719,8915035,12035308,18052384,36104667,108314052,146223797,197402122,296103110,592206261,1776618772,2398435350,3237887686,4371148387,8742296689
840,1176,1618,3204,6514,19383,26201,35412,71147,142443,427261,576745,865098,1167858,2335745,7007141,9459655,12770545,19155204,38310301,114930957,155156608,209461417,314192049,628384141,1885152413,2544955765,3435690245,4638181842,9276363594
889,1245,1713,3391,6895,20514,27730,37478,75298,150756,452196,610404,915585,1236014,2472059,7416077,10011720,13515835,20273102,40546090,121638328,164211548,221685586,332528296,665056640,1995169908,2693479383,3636197127,4908866134,9817732173
939,1314,1809,3580,7280,21660,29280,39573,79507,159182,477469,644520,966757,1305095,2610223,7830562,10571275,14271234,21406166,42812211,128436694,173389331,234075593,351113303,702226655,2106679954,2844017946,3839424185,5183222662,10366445225
989,1385,1906,3772,7670,22822,30850,41695,83770,167719,503076,679085,1018604,1375087,2750209,8250515,11138212,15036601,22554178,45108230,135324754,182688201,246629067,369943509,739887071,2219661200,2996542629,4045332504,5461198893,10922397682
1040,1456,2004,3967,8066,23998,32441,43846,88091,176367,529020,714105,1071134,1446000,2892037,8675994,11712610,15812039,23717297,47434461,142303452,192109431,259347728,389021496,778043047,2334129128,3151074332,4253950301,5742832920,11485665731
1092,1528,2103,4164,8467,25191,34053,46024,92467,185130,555301,749582,1124348,1517838,3035713,9107017,12294492,16597581,24895573,49791006,149373087,201653428,272232124,408348084,816696225,2450088663,3307619704,4465286552,6028136860,12056273604
1144,1602,2204,4363,8873,26399,35685,48230,96900,194005,581922,785517,1178249,1590603,3181246,9543607,12883890,17393269,26089066,52177987,156534033,211320694,285282932,427924291,855848642,2567545913,3466186993,4679352389,6317125741,12634251360
1197,1676,2306,4565,9284,27622,37338,50464,101388,202991,608877,821902,1232826,1664280,3328601,9985667,13480672,18198925,27297512,54594871,163784690,221109068,298497237,447745744,895491551,2686474640,3626740775,4896099992,6609735005,13219469883
1251,1751,2410,4770,9700,28860,39012,52726,105934,212091,636172,858748,1288093,1738889,3477822,10433324,14085010,19014784,28521260,57042359,171127157,231021388,311878868,467818186,935636437,2806909298,3789327564,5115592155,6906049425,13812098718
1305,1827,2514,4977,10121,30113,40706,55016,110534,221302,663801,896043,1344036,1814409,3628864,10886444,14696722,19840596,29759938,59519709,178559209,241054647,325423767,488135530,976271128,2928813369,3953898060,5337762322,7205979152,14411958165
1360,1904,2620,5187,10548,31382,42421,57334,115191,230626,691767,933794,1400660,1890850,3781748,11345090,15315896,20676480,31013724,62027274,186081909,251210279,339133871,508700680,1017401431,3052204276,4120475785,5562642249,7509567053,15019133963
1416,1982,2728,5399,10979,32666,44157,59680,119905,240063,720075,972005,1457975,1968223,3936497,11809331,15942622,21522561,32282805,64565430,193696380,261489804,353011228,529516712,1059033497,3177100475,4289085655,5790265570,7816858537,15633716924
1472,2061,2836,5614,11416,33965,45913,62054,124675,249613,748719,1010671,1515974,2046519,4093091,12279106,16576819,22378729,33567015,67133843,201401622,271891868,367054015,550580886,1101161850,3303485531,4459705482,6020602335,8127813170,16255626183
1529,2141,2946,5831,11857,35279,47690,64456,129500,259273,777694,1049784,1574642,2125720,4251494,12754308,17218342,23244786,34866059,69731923,209195865,282414083,381259005,571888366,1143776813,3431330422,4632296084,6253599645,8442359539,16884718917
1587,2221,3057,6051,12305,36609,49487,66885,134380,269045,807005,1089350,1633990,2205838,4411733,13235018,17867301,24120882,36180160,72360120,217080457,293058270,395628657,593442839,1186885761,3560657265,4806887323,6489297816,8760552070,17521103973
1645,2303,3170,6274,12756,37954,51305,69343,139317,278929,836655,1129373,1694023,2286880,4573820,13721272,18523746,25007083,37509420,75018630,225055994,303825231,410164055,615245929,1230491944,3691475813,4983492363,6727714617,9082414753,18164829333
1762,2466,3395,6718,13661,40644,54942,74258,149192,298699,895957,1209423,1814095,2448974,4898012,14693836,19836709,26779585,40168087,80335950,241007963,325360363,439236482,658854560,1317709213,3953127619,5336722302,7204575029,9726176311,19452352436
1879,2630,3621,7166,14570,43350,58599,79201,159123,318584,955601,1289934,1934860,2612002,5224073,15672005,21157238,28562302,42842077,85683915,257051863,347019603,468476455,702714508,1405429115,4216287324,5691987906,7684183589,10373647868,20747295538
1997,2795,3848,7615,15485,46071,62277,84172,169110,338578,1015574,1370890,2056291,2775931,5551936,16655580,22485066,30354872,45530846,91061437,273184438,368798553,497878038,746816871,1493633846,4480901517,6049217067,8166442952,11024698009,22049395806
2115,2961,4076,8068,16404,48807,65976,89171,179153,358686,1075889,1452307,2178415,2940794,5881665,17644755,23820454,32157648,48234923,96469576,289408861,390701499,527447015,791170325,1582340761,4747022258,6408480069,8651447999,11679454823,23358909423
2235,3128,4306,8522,17329,51558,69695,94198,189252,378905,1136537,1534174,2301212,3106567,6213215,18639390,25163213,33970375,50953926,101907566,305722839,412725342,557179203,835768596,1671537309,5014611903,6769726090,9139130122,12337825692,24675651147
2355,3296,4537,8980,18259,54325,73435,99252,199408,399237,1197523,1616497,2424694,3273265,6546616,19639579,26513471,35793225,53688114,107375926,322127926,434872184,587077439,880615938,1761232001,5283695978,7132989592,9629535845,12999873418,25999746587
2475,3465,4770,9439,19194,57107,77195,104335,209620,419682,1258848,1699278,2548863,3440889,6881868,20645322,27871226,37626196,56437482,112874647,338624097,457141988,617141674,925712280,1851424692,5554274049,7498269989,10122664376,13665596936,27331193610
2596,3634,5004,9902,20134,59904,80976,109446,219887,440238,1320506,1782509,2673706,3609423,7218942,21656529,29236359,39469127,59201790,118403247,355209905,479532803,647369274,971053668,1942107474,5826322392,7865535253,10618472477,14334937874,28669875473
2718,3805,5239,10367,21079,62716,84778,114584,230211,460907,1382504,1866198,2799237,3778885,7557871,22673303,30609006,41322203,61981314,123962279,371887011,502046868,677763261,1016644637,2033289420,6099868228,8234822134,11117009760,15007963207,30015926126
2841,3977,5476,10835,22030,65544,88601,119751,240591,481690,1444842,1950344,2925454,3949275,7898656,23695643,31989166,43185421,64776051,129551738,388655396,524684161,708323607,1062485144,2124970439,6374911286,8606130264,11618275729,15684672268,31369344235
2964,4149,5713,11304,22986,68387,92445,124946,251028,502586,1507519,2034950,3052361,4120595,8241299,24723560,33376855,45058805,67586037,135171692,405515267,547444960,739050684,1108575749,2217151657,6651454938,8979464194,12122276530,16365073351,32730146389
3088,4323,5952,11777,23947,71246,96309,130168,261521,523594,1570533,2120011,3179950,4292836,8585785,25757005,34772008,46942263,70411133,140821869,422465805,570328159,769943003,1154914216,2309828597,6929485755,9354805798,12628987689,17049133417,34098266508
3212,4497,6192,12252,24913,74119,100193,135418,272068,544710,1633873,2205512,3308197,4465966,8932050,26795785,36174363,48835444,73250814,146501215,439503851,593329494,800994804,1201491906,2402983984,7208951915,9732085116,13138314763,17736724968,35473449596
3338,4673,6433,12729,25884,77008,104099,140696,282673,565943,1697561,2291482,3437151,4640049,9280222,27840285,37584440,50739050,76106130,152211833,456635711,616457478,832217582,1248326061,2496652300,7489956861,10111441794,13650446273,18428102507,36856204661
3464,4849,6675,13210,26860,79912,108024,146002,293332,587285,1761576,2377894,3566766,4815025,9630179,28890142,39001749,52652419,78976092,157951741,473855443,639704089,863600507,1295400437,2590801058,7772403134,10492744264,14165204602,19123026253,38246052139
3590,5026,6919,13692,27841,82831,111970,151336,304048,608739,1825926,2464758,3697059,4990918,9981969,29945499,40426483,54575813,81861089,163721718,491165382,663072480,895147833,1342721415,2685443021,8056329021,10876044212,14682659525,19821590401,39643180423
3717,5204,7164,14177,28827,85766,115937,156698,314820,630306,1890619,2552084,3828046,5167746,10335630,31006468,41858794,56509433,84761427,169522378,508567372,686565138,926862921,1390294034,2780588267,8341764758,11261382458,15202866152,20523869349,41047738306
3845,5383,7411,14664,29819,88716,119925,162088,325650,651989,1955656,2639876,3959731,5345517,10691176,32073090,43298736,58453358,87677220,175353948,526062089,710182978,958747006,1438120149,2876240503,8628721466,11648774014,15725844748,21229890455,42459780503
3974,5563,7659,15155,30816,91682,123934,167507,336536,673785,2021033,2728127,4092105,5524218,11048582,33145294,44746213,60407454,90608270,181216031,543648345,733924395,990797919,1486196506,2972393223,8917179624,12038192530,16251559738,21939605693,43879210966
4103,5744,7908,15648,31818,94663,127963,172952,347477,695690,2086737,2816819,4225139,5703810,11407772,34222847,46200913,62371300,93553945,187107363,561322353,757784277,1023008759,1534512754,3069025727,9207077134,12429554169,16779897945,22652862274,45305724114
4233,5925,8158,16143,32825,97658,132013,178426,358474,717709,2152782,2905971,4358865,5884336,11768828,35306000,47663172,64345352,96514927,193029312,579088205,781768150,1055386986,1583080082,3166160391,9498481125,12822949559,17310981715,23369825365,46739650283
4363,6108,8410,16641,33837,100670,136083,183927,369526,739836,2219153,2995563,4493249,6065750,12131660,36394485,49132627,66329120,99490482,198980406,596941494,805870062,1087924566,1631886441,3263773116,9791319298,13218281093,17844679281,24090317081,48180633701
4494,6292,8663,17141,34854,103696,140174,189456,380634,762075,2285861,3085609,4628316,6248087,12496338,37488503,50609554,68322973,102481166,204961756,614885556,830094516,1120627579,1680940948,3361882136,10085646357,13615622623,18381090340,24814472012,49628943550
4626,6477,8917,17644,35876,106737,144285,195013,391798,784427,2352905,3176110,4764064,6431343,12862856,38588041,52093932,70326886,105486939,210973285,632920149,854441189,1153495586,1730242946,3460486139,10381458364,14014968834,18920207720,25542280477,51084560465
4759,6662,9172,18149,36904,109794,148417,200598,403019,806893,2420293,3267074,4900507,6615536,13231248,39693202,53585902,72341048,108508085,217015560,651046982,878912384,1186531700,1779797104,3559594462,10678783332,14416357541,19462082469,26273811389,52547622276
5024,7033,9683,19160,38959,115908,156683,211769,425463,851829,2555079,3449017,5173415,6983955,13968096,41903717,56570101,76369721,114550900,229101156,687303789,927859015,1252609650,1878914004,3757828278,11273484776,15219204493,20545925842,27736999945,55473999361
5289,7405,10195,20173,41019,122038,164968,222967,447961,896873,2690192,3631401,5446986,7353266,14706730,44119585,59561528,80408152,120608352,241216025,723648413,976924200,1318847648,1978270977,3956542237,11869626651,16023996026,21632394400,29203732502,58407464447
5556,7778,10709,21189,43084,128182,173274,234193,470516,942031,2825643,3814242,5721241,7723503,15447213,46341006,62560451,84456703,126680982,253361252,760084110,1026112333,1385251627,2077876920,4155754139,12467262352,16830804226,22721585458,30674140434,61348280282
5823,8151,11223,22207,45155,134343,181602,245448,493129,987305,2961444,3997554,5996204,8094695,16189606,48568155,65567106,88515692,132769270,265537794,796613753,1075427292,1451826820,2177739685,4355479683,13066438981,17639692677,23813584855,32148339623,64296678632
6090,8526,11740,23228,47230,140519,189950,256731,515799,1032691,3097582,4181322,6271850,8466808,16933842,50800833,68581226,92584759,138872674,277744567,833234087,1124864685,1518567300,2277850379,4555701084,13667103181,18450589350,24908295351,33626198795,67252396949
6359,8902,12257,24251,49311,146710,198319,268043,538525,1078192,3234061,4365551,6548188,8839855,17679947,53039117,71602915,96664043,144991404,289981993,869946380,1174426223,1585475375,2378212467,4756425274,14269275747,19263522316,26005754844,35107769114,70215537558
6628,9278,12776,25277,51397,152916,206709,279381,561304,1123799,3370862,4550214,6825176,9213781,18427809,55282672,74631719,100752932,151124540,302248231,906745113,1224104452,1652540983,2478810854,4957622063,14872866111,20078369310,27105798274,36592827747,73185654797
6897,9656,13295,26305,53488,159136,215118,290746,584138,1169516,3507989,4735316,7102825,9588598,19177452,57531572,77667737,104851562,157272286,314543689,943631504,1273901021,1719766350,2579648879,5159298129,15477894304,20895157374,28208462148,38081423980,76162847234
7168,10034,13816,27336,55584,165373,223548,302140,607031,1215349,3645467,4920893,7381185,9964375,19929016,59786234,80711536,108960694,163435787,326870656,980612423,1323825202,1787163994,2680745319,5361491023,16084472982,21714038592,29313951779,39573834986,79147669218
7439,10414,14338,28370,57685,171625,231998,313561,629977,1261289,3783266,5106902,7660193,10341028,20682333,62046153,83762432,113079408,169613660,339226368,1017679572,1373865795,1854718793,2782077491,5564155383,16692466061,22534829250,30422019157,41069725949,82139451114
7710,10794,14861,29406,59791,177893,240471,325013,652983,1307352,3921431,5293407,7939944,10718682,21437652,64312079,86821436,117209068,175807951,351614914,1054845230,1424039374,1922453123,2883678961,5767358338,17302074921,23357801215,31533031296,42569592340,85139183869
7982,11175,15386,30445,61903,184176,248964,336492,676047,1353527,4059936,5480370,8220383,11097266,22194830,66583581,89887969,121348892,182017488,364033953,1092102364,1474336444,1990354167,2985530502,5971061435,17913184207,24182798753,32646777962,44073150342,88146299843
8255,11557,15912,31485,64020,190473,257476,347997,699161,1399804,4198745,5667743,8501438,11476682,22953671,68860074,92961239,125497811,188240666,376480274,1129441343,1524744008,2058404377,3087605790,6175212025,18525635976,25009608643,33762971301,45580011352,91160021835
8529,11940,16439,32529,66141,196785,266009,359529,722331,1446194,4337891,5855572,8783175,11857019,23714356,71142097,96041974,129656808,194478961,388956830,1166871029,1575274024,2126619897,3189929046,6379858551,19139575552,25838427073,34881876170,47090532928,94181064958
8803,12324,16968,33575,68269,203114,274564,371092,745561,1492703,4477398,6043887,9065642,12238341,24477009,73430027,99130685,133826571,200733404,401465682,1204397602,1625934837,2195011993,3292517164,6585034803,19755104302,26669390887,36003677307,48604964467,97209928007
9078,12709,17498,34624,70401,209457,283139,382681,768845,1539320,4617227,6232638,9348762,12620544,25241426,75723247,102226536,138005975,207002309,414003455,1242010938,1676712782,2263562218,3395342475,6790685440,20372056209,27502275965,37128072150,50122897507,100245794058
9354,13095,18029,35675,72538,215817,291735,394299,792186,1586054,4757406,6421860,9632590,13003704,26007756,78022204,105330134,142195837,213286899,426572600,1279718391,1727617782,2332283967,3498425073,6996850650,20990551835,28337245063,38255280420,51644628675,103289256366
9630,13482,18562,36728,74680,222190,300350,405943,815580,1632890,4897892,6611498,9917041,13387703,26775765,80326200,108440533,146394879,219585261,439169289,1317508475,1778634335,2401156312,3601733566,7203467650,21610402831,29174043910,39384958851,53169694560,106339388106
9907,13869,19096,37784,76827,228580,308988,417618,839036,1679852,5038756,6801644,10202255,13772734,27545836,82636381,111559283,150605196,225900533,451799798,1355400018,1829787859,2470213568,3705319423,7410639380,22231918016,30013089413,40517670268,54698854976,109397708908
10185,14258,19631,38843,78980,234985,317646,429320,862545,1726922,5179942,6992226,10488122,14158646,28317670,84951852,114685174,154825154,232230266,464459228,1393378327,1881058515,2539428952,3809142473,7618285495,22854856359,30854056178,41652975389,56231516892,112463032712
10463,14648,20168,39904,81138,241405,326324,441049,886110,1774101,5321458,7183254,10774658,14545460,29091309,87272737,117818373,159054977,238574797,477148254,1431445423,1932449033,2608806151,3913208245,7826417055,23479251035,31696988993,42790934676,57767761933,115535522766
10742,15038,20706,40968,83301,247841,335024,452807,909733,1821398,5463327,7374760,11061910,14933242,29866883,89599428,120959410,163295382,244935201,489869027,1469607757,1983968124,2678356923,4017534378,8035069334,24105207867,32542030720,43931740994,59307850466,118615699803
11021,15430,21245,42035,85469,254293,343744,464593,933413,1868809,5605538,7566725,11349851,15321955,30644318,91931701,124107984,167545961,251310865,502620317,1507861647,2035610815,2748074554,4122110798,8244222189,24732666428,33389099780,45075284212,60851633814,121703266468
11302,15822,21785,43104,87643,260759,352486,476408,957150,1916333,5748087,7759146,11638478,15711592,31423603,94269525,127264050,171806655,257701700,515401952,1546206569,2087376398,2817958089,4226936075,8453872759,25361618136,34238184587,46221548690,62399090862,124798180535
11582,16215,22326,44176,89820,267239,361245,488247,980935,1963954,5890926,7951961,11927694,16102025,32204480,96612123,130426561,176076050,264105587,528209690,1584629802,2139247701,2887984348,4331975437,8663951497,25991854347,35089003474,47370154175,63949708270,127899415321
12144,17001,23409,46318,94177,280200,378766,511926,1028511,2059206,6176636,8337631,12506187,16882974,33766397,101297811,136752250,184615739,276914708,553827860,1661484348,2243001215,3028051588,4542076245,9084153145,27252459282,36790820143,49667606652,67051269121,134102536964
12707,17788,24493,48463,98538,293177,396306,535634,1076141,2154567,6462676,8723747,13085349,17664824,35330119,105988912,143085246,193165293,289738628,579475628,1738427688,2346874601,3168280657,4752419797,9504840277,28514520672,38494603024,51967713516,70156413394,140312825450
13270,18577,25578,50611,102905,306170,413870,559373,1123836,2250057,6749102,9110383,13665291,18447729,36895950,110686341,149426784,201726379,302579845,605157988,1815474803,2450888084,3308698856,4963047042,9926094798,29778284228,40200683830,54270922579,73265745635,146531489874
13834,19366,26665,52762,107278,319179,431456,583141,1171588,2345662,7035871,9497483,14245930,19231573,38463659,115389403,155775929,210297733,315436462,630871150,1892614327,2555026318,3449285470,5173926911,10347854566,31043563525,41908810886,56576894079,76378807167,152757612879
14398,20156,27753,54914,111655,332202,449059,606933,1219388,2441365,7322934,9884981,14827163,20016222,40032976,120097291,162131586,218877881,328306270,656610693,1969832992,2659271392,3590016317,5385023129,10770047032,32310140917,43618690370,58885231358,79495062499,158990123484
14963,20947,28842,57069,116038,345241,466685,630756,1267249,2537188,7610359,10272966,15409129,20801859,41604271,124811110,168495251,227468838,341192291,682382662,2047148937,2763647794,3730924458,5596385287,11192771379,33578313948,45330723967,61196476688,82615243702,165230485831
15529,21739,29932,59227,120425,358294,484330,654604,1315164,2633120,7898107,10661387,15991748,21588377,43177328,129530218,174866057,236069435,354092771,708183551,2124551638,2868141317,3871990711,5807984615,11615970065,34847909998,47044678641,63510315472,85738926067,171477850500
16095,22532,31024,61387,124818,371364,501998,678484,1363141,2729175,8186230,11050315,16575127,22375921,44752437,134255480,181245171,244681248,367010076,734018087,2202055282,2972771112,4013240932,6019859894,12039720652,36119161755,48760868518,65827171780,88866682090,177733362486
16663,23325,32117,63550,129215,384447,519684,702387,1411164,2825324,8474631,11439617,17159069,23164224,46329065,138985301,187630438,253301368,379939841,759877544,2279633689,3077501839,4154627411,6231939558,12463880011,37391639823,50478713915,68146263042,91997455300,183994908847
17230,24120,33212,65715,133617,397546,537389,726317,1459242,2921583,8763362,11829365,17743678,23953430,47907496,143720530,194023007,261931345,392884391,785766572,2357300809,3182352326,4296175567,6444261739,12888524403,38665572992,52198523698,70468006224,95131808602,190263615391
17799,24916,34308,67882,138025,410661,555117,750279,1507383,3017966,9052465,12219616,18329042,24743653,49487965,148461870,200423826,270572460,405845647,811689011,2435068163,3287338129,4437906398,6656857934,13313716823,39941150245,53920552995,72792745749,98270206967,196540412063
18368,25712,35405,70053,142438,423789,572864,774265,1555574,3114450,9341872,12610277,18915021,25534708,51070095,153208196,206831376,279222662,418820533,837638709,2512917291,3392434330,4579786266,6869677683,13739356349,41218068819,55644393074,75119929830,101411905484,202823809037
18938,26510,36503,72226,146856,436935,590635,798283,1603828,3211061,9631657,13001448,19501765,26326794,52654290,157960714,213247285,287884149,431812346,863622261,2590867985,3497667642,4721851236,7082775084,14165551183,42496653314,57370482148,77450150054,104557702792,209115403593
19508,27308,37603,74401,151280,450096,608425,822327,1652135,3307778,9921762,13393052,20089158,27119757,54240237,162718491,219670293,296555220,444818534,889634564,2668904929,3603017392,4864073395,7296108270,14592217585,43776652511,59098481070,79782948574,107706980800,215413959550
20079,28108,38703,76579,155708,463270,626233,846396,1700493,3404596,10212173,13785066,20677168,27913552,55827849,167481261,226100042,305235391,457838372,915674168,2747023776,3708477711,5006444824,7509665359,15019331793,45057995130,60828293611,82118195478,110859564128,221719126146
20651,28908,39805,78759,160141,476459,644062,870493,1748906,3501525,10502913,14177527,21265847,28708251,57417268,172249453,232537110,313925442,470873030,941743411,2825231543,3814058071,5148978308,7723465532,15446932169,46340796251,62560075130,84456100504,114015735919,228031469667
21223,29710,40909,80942,164580,489667,661916,894623,1797386,3598587,10794054,14570528,21855336,29504044,59008874,177024208,238983039,322627455,483925631,967848539,2903546961,3919783761,5291707986,7937559996,15875121129,47625363124,64294240413,86797223610,117176252118,234352502006
21796,30512,42013,83128,169024,502888,679787,918778,1845915,3695749,11085494,14963933,22445430,30300653,60602114,181803861,245435581,331338397,496991623,993980449,2981942729,4025617923,5434584102,8151874116,16303749400,48911247928,66030184904,89140748647,120340010925,240680019560
22370,31315,43119,85316,173472,516124,697679,942960,1894500,3793021,11377264,15357784,23036194,31098166,62197162,186588939,251895446,340059223,510072442,1020142014,3060427462,4131572187,5577622355,8366431443,16732864084,50198591973,67768099371,91486933152,123507360013,247014717675
22944,32119,44226,87507,177927,529378,715596,967175,1943150,3890426,11669433,15752171,23627763,31896767,63794385,191380543,258364121,348791944,523171102,1046339261,3139019239,4237670960,5720855697,8581281403,17162564034,51487691815,69508384163,93836317595,126679029018,253358055625
23519,32924,45334,89700,182386,542644,733529,991413,1991845,3987920,11961869,16146920,24219875,32696099,65393072,196176539,264838726,357532670,536281770,1072560523,3217683062,4343866994,5864220341,8796328314,17592657888,52777973372,71250264270,96187855714,129853605485,259707208500
24095,33731,46444,91895,186850,555928,751486,1015683,2040606,4085544,12254695,16542197,24812777,33496500,66993895,200978941,271321978,366285070,549409948,1098816804,3296451943,4450204858,6007776455,9011662432,18023326153,54069978160,72994470740,98542534422,133032421747,266064840964
24672,34537,47555,94094,191319,569225,769461,1039978,2089417,4183270,12547828,16937886,25406299,34297736,68596389,205786357,277811999,375046608,562551833,1125100502,3375303073,4556653758,6151482468,9227221397,18454444115,55363332038,74740498480,100899671846,136214557275,272429111959
25249,35345,48667,96294,195795,582540,787459,1064303,2138288,4281117,12841321,17334063,26000553,35099960,70200859,210599700,284310022,383818948,575709921,1151416603,3454251412,4663233890,6295365643,9443046106,18886093563,56658280374,76488678739,103259715170,139400615770,278801228888
25826,36154,49781,98498,200274,595868,805476,1088654,2187213,4379069,13135130,17730667,26595445,35903047,71807054,215418220,290815035,392600726,588882164,1177761015,3533284684,4769928681,6439403609,9659103001,19318207384,57954621829,78238739709,105622297453,142590101859,285180201005
26982,37772,52008,102905,209235,622527,841513,1137361,2285069,4574988,13722796,18523937,27785326,37509349,75019701,225056032,303826100,410165682,615228752,1230454043,3691363841,4983335291,6727502527,10091251269,20182503982,60547511610,81739140923,110347839041,148969583016,297939163198
28138,39390,54237,107314,218200,649202,877571,1186097,2382984,4771027,14310818,19317688,28975927,39116625,78234296,234699683,316845049,427741282,641591304,1283178999,3849538782,5196871208,7015776010,10523661386,21047324277,63141972482,85241663112,115076243944,155352929649,310705856341
29294,41009,56467,111726,227171,675891,913648,1234858,2480949,4967164,14899136,20111838,30167127,40724709,81450507,244348187,329870548,445325726,667967122,1335930487,4007793321,5410514584,7304194561,10956289105,21912579778,65737738971,88745947882,119807028332,161739488587,323478974095
30452,42630,58698,116140,236146,702596,949747,1283647,2578971,5163416,15487801,20906456,31359030,42333742,84668617,254002384,342903734,462920545,694358503,1388713100,4166141235,5624284015,7592783289,11389172088,22778345805,68335037038,92252300283,124540604022,168129815781,336259628362
31610,44251,60930,120557,245127,729316,985866,1332464,2677049,5359781,16076802,21701528,32551614,43943695,87888564,263662095,355944363,480525414,720764957,1441525859,4324579586,5838175536,7881536837,11822302303,23644606296,70933818496,95760655263,129276883193,174523792675,349047582029
32769,45873,63164,124977,254113,756052,1022008,1381312,2775190,5556271,16666177,22497106,33744956,45554671,91110559,273327947,368993284,498141475,747188200,1494372197,4483118673,6052203051,8170473978,12255707905,24511417563,73534252282,99271240884,134016173731,180921834914,361843666386
33928,47497,65399,129398,263104,782801,1058166,1430182,2873376,5752852,17255827,23293053,34938853,47166395,94334051,282998290,382048266,515765721,773623719,1547243085,4641731412,6266329995,8459545347,12689314851,25378631517,76135894128,102783457387,138757665958,187322849433,374645695303
35088,49120,67635,133822,272099,809565,1094345,1479080,2971617,5949542,17845804,24089443,36133412,48779014,97559332,292674002,395110496,533399751,800073914,1600143326,4800432209,6480575818,8748777203,13123162526,26246326928,78738980348,106297623795,143501790557,193727417656,387454831625
36249,50746,69872,138249,281100,836345,1130546,1528009,3069918,6146353,18436143,24886322,37328705,50392623,100786595,302355657,408180751,551044615,826540359,1653076067,4959230506,6694953266,9038186753,13557276743,27114555423,81343665818,109813949190,148248829788,200135920631,400271837455
37410,52371,72110,142679,290107,863142,1166769,1576966,3168278,6343282,19026837,25683679,38524717,52007203,104015797,312043133,421258863,568700085,853022712,1706040623,5118124252,6909459568,9327770256,13991651889,27983305779,83949916871,113332388122,152998722294,206548275529,413096547127
38572,53998,74350,147110,299117,889951,1203009,1625947,3266685,6540305,19617811,26481414,39721295,53622547,107246528,321735192,434343163,586363909,879517597,1759030245,5277093191,7124067382,9617490800,14426232597,28852467256,86557401289,116852492097,157750862609,212963664967,425927325881
39735,55625,76592,151544,308133,916775,1239267,1674952,3365143,6737430,20209091,27279564,40918494,55238730,110478939,331432291,447434265,604036918,906026258,1812047417,5436144780,7338786773,9907361973,14861039248,29722080619,89166241364,120374426209,162505473608,219382389829,438764775483
40898,57254,78834,155982,317155,943618,1275553,1723995,3463675,6934702,20800814,28078310,42116588,56856120,113713762,341136629,460535141,621723118,932554707,1865104165,5595315100,7553666450,10197449532,15296170477,30592343140,91777028911,123898989408,167263633875,225805906203,451611808109
42062,58884,81078,160421,326181,970473,1311855,1773060,3562251,7132063,21392805,28877418,43315226,58474245,116950056,350845377,473641970,639417359,959095214,1918185030,5754557767,7768643797,10487668946,15731499488,31463001226,94389003154,127425154647,172023956895,232232342293,464464680168
43227,60514,83323,164863,335212,997345,1348181,1822156,3660890,7329550,21985172,29677034,44514624,60093397,120188403,360560286,486757116,657122825,985652561,1971299573,5913901472,7983757544,10778072499,16167104709,32334211730,97002634651,130953557179,176787300261,238662855851,477325707161
44392,62146,85570,169308,344250,1024234,1384528,1871281,3759587,7527154,22577893,30477127,45714739,61713515,123428682,370280991,499880088,674838856,1012225754,2024445810,6073340255,8198999647,11068649334,16602969852,33205942078,99617825682,134484065081,181553485876,245097206444,490194408226
45558,63778,87818,173756,353293,1051140,1420899,1920440,3858351,7724892,23171014,31277761,46915665,63334729,126671154,380008273,513011938,692566874,1038816924,2077628001,6232886904,8414387368,11359422752,17039129870,34078262176,102234785963,138016961471,186322895950,251535910058,503071815331
46725,65411,90067,178206,362340,1078060,1457288,1969622,3957164,7922727,23764424,32078784,48117175,64956732,129915203,389740285,526150173,710303511,1065421026,2130836054,6392511137,8629879828,11650337568,17475501986,34951006471,104853018831,141551575855,191094625316,257977744714,515955484521
47892,67045,92317,182657,371392,1104990,1493691,2018824,4056013,8120637,24358059,32880112,49319142,66579351,133160485,399475997,539293405,728046893,1092035242,2184064339,6552196066,8845454226,11941363001,17912040026,35824082612,107472247242,145087534219,195868169056,264422028777,528844052525
49060,68680,94569,187113,380450,1131941,1530122,2068063,4154940,8318699,24952152,33682058,50522036,68203221,136408269,409219217,552446771,745803956,1118669982,2237333668,6712004128,9061194855,12232612844,18348914682,36697831987,110093495352,148626219179,200645393700,270871282059,541742558966
50229,70316,96821,191570,389512,1158904,1566569,2117324,4253911,8516850,25546512,34484365,51725471,69827822,139657514,418966819,565606053,763569007,1145316701,2290626956,6871884066,9277032517,12523993682,18785985829,37571974345,112715922412,152166495720,205424766977,277323435998,554646866720
51398,71953,99075,196030,398580,1185883,1603039,2166615,4352942,8715123,26141235,35287161,52929641,71453413,142908741,428720366,578773362,781344893,1171979674,2343952752,7031861527,9493001834,12815552255,19223323579,38446649908,115339949085,155708931741,210207055553,283779525588,567559045778
52568,73591,101330,200492,407651,1212874,1639525,2215927,4452015,8913479,26736210,36090296,54134319,73079693,146161344,438478042,591946244,799128303,1198653931,2397301116,7191906696,9709062555,13107234225,19660846424,39321695659,117965086326,159252867027,214991368137,290238347591,580476689660
53739,75230,103587,204957,416730,1239885,1676037,2265276,4551161,9111982,27331625,36894027,55339890,74707178,149416356,448242948,605128887,816924890,1225347954,2450689012,7352070458,9925283379,13399132331,20098693473,40197389822,120592168799,162799428375,219779225906,296701955592,593403905539
54910,76869,105845,209425,425815,1266914,1712574,2314659,4650376,9310623,27927454,37698317,56546300,76335795,152673633,458014644,618320697,834733853,1252060540,2504114032,7512345594,10141654556,13691233416,20536844991,41073692920,123221078079,166348455914,224570413031,303170058223,606340110679
57253,80149,110361,218359,443980,1320961,1785633,2413403,4848761,9707815,29118839,39306527,58958565,79592280,159186691,477553549,644698257,870343599,1305473443,2610939537,7832822257,10574297540,14275301433,21412946798,42825896660,128477689270,173444881044,234150586850,316103292907,632206579801
59596,83429,114878,227296,462152,1375027,1858719,2512183,5047221,10105156,30310674,40915343,61371740,82849992,165702202,497099815,671085757,905966763,1358906470,2717805292,8153419672,11007103538,14859589521,22289378710,44578760610,133736281092,180543980025,243734370370,329041400686,658082795112
61940,86711,119396,236236,480328,1429107,1931822,2610987,5245729,10502591,31502793,42524544,63785490,86108482,172219269,516650751,697479559,941598435,1412352262,2824696575,8474093667,11440012921,15444017177,23166019975,46332043265,138996129027,187644774759,253320443157,341982598976,683965191444
64284,89993,123915,245177,498509,1483199,2004942,2709813,5444279,10900114,32695173,44134098,66199771,89367688,178737768,536205982,723879161,977237936,1465809795,2931611340,8794838113,11873017410,16028573227,24042853831,48085711103,144257132511,194747129484,262908621931,354926640347,709853273940
66630,93275,128435,254121,516694,1537306,2078082,2808667,5642887,11297751,33887893,45744110,68614738,92627821,185258122,555766776,750286272,1012887576,1519282537,3038556522,9115673807,12306145085,16613295578,24919937139,49839877844,149519632705,201851504767,272499528458,367874364187,735748721374
68976,96559,132957,263069,534887,1591434,2151251,2907561,5841573,11695544,35081086,47354760,71030663,95889247,191781060,575335324,776703852,1048551347,1572776475,3145544096,9436636682,12739444454,17198249715,25797368126,51594739943,154784218972,208958696251,282094236855,380827220550,761654433853
71322,99844,137480,272019,553084,1645575,2224437,3006476,6040303,12093427,36274545,48965769,73447126,99151399,198305452,594908232,803127317,1084223064,1626282331,3252555507,9757671062,13172840354,17783334171,26674994589,53349992996,160049978101,216067471097,291691082793,393782962593,787565917693
73669,103130,142004,280971,571286,1699731,2297643,3105419,6239089,12491422,37468340,50577233,75864272,102414472,204831684,614486662,829558237,1119904845,1679803282,3359597108,10078796016,13606358530,18368583698,27552868661,55105741265,165317222880,223178251570,301290636328,406742359892,813484712044
76017,106417,146530,289925,589493,1753902,2370869,3204389,6437929,12889523,38662456,52189129,78282066,105678421,211359670,634070352,855996258,1155596213,1733338613,3466667469,10400007245,14039993176,18953990461,28430978585,56861961239,170585882773,230290942448,310892768907,419705238901,839410469817
78366,109705,151057,298884,607709,1808098,2444129,3303405,6636861,13287810,39857126,53801773,80700982,108943884,217890684,653663126,882446543,1191304136,1786898776,3573787493,10721367469,14473828965,19539668766,29309495824,58618995842,175856986551,237406932570,320499355467,432674130784,865348253334
80716,112993,155586,307845,625928,1862305,2517404,3402440,6835835,13686178,41052042,55414751,83120398,112210022,224423046,673259946,908902291,1227019434,1840470001,3680929642,11042794066,14907754357,20125468036,30188194508,60376393337,181129179008,244524392408,330107926144,445645701224,891291393969
83066,116283,160115,316806,644149,1916516,2590686,3501485,7034826,14084583,42247067,57027874,85540032,115476456,230956001,692858543,935360437,1262737970,1894046082,3788081504,11364249801,15341719087,20711320411,31066972850,62133950147,186401849409,251642497471,339717367874,458618447587,917236886448
85416,119573,164646,325772,662378,1970754,2664002,3600578,7233912,14483177,43442659,58641763,87960815,118744440,237492056,712466440,961831137,1298473454,1947647587,3895284211,11685858070,15775889737,21297450778,31946168182,63892340936,191677021747,258763980150,349331369385,471597349654,943194690334
87767,122865,169179,334740,680613,2025009,2737342,3699701,7433061,14881898,44638635,60256171,90382377,122013474,244030212,732080641,988310348,1334220429,2001266325,4002521385,12007569743,16210199981,21883769598,32825646192,65651297082,196953890156,265887752523,358948461984,484580424690,969160840159
90119,126158,173713,343711,698854,2079279,2810703,3798853,7632267,15280733,45834951,61871037,92804624,125283435,250570222,751700402,1014797066,1369977536,2054900262,4109788958,12329372612,16644633341,22470254623,33705373509,67410751845,202232254412,273013544291,368568280765,497567180072,995134350675
92471,129451,178248,352682,717094,2133548,2884062,3898003,7831469,15679560,47031243,63485870,95226825,128553333,257110105,771319782,1041283269,1405733949,2108533159,4217054450,12651169237,17079058271,23056728269,34585083758,69170172467,207510516252,280139197797,378187912893,510553683472,1021107357228
94824,132745,182784,361657,735344,2187847,2957462,3997207,8030781,16078605,48228188,65101586,97650348,131825015,263653557,790949871,1067783928,1441509878,2162195328,4324378486,12973141494,17513720304,23643522004,35465274139,70930553357,212791658890,287268740381,387812795276,523547274716,1047094539470
97178,136040,187321,370634,753595,2242149,3030866,4096418,8230104,16477676,49425212,66717408,100074029,135096912,270197438,810581246,1094286325,1477288154,2215861016,4431709560,13295134866,17948410842,24230354220,36345522244,72691049691,218073147863,294398750517,397438308855,536541718074,1073083425940
99533,139336,191859,379614,771855,2296476,3104304,4195674,8429519,16876930,50622784,68333971,102498823,138370310,276744322,830221630,1120800883,1513082846,2269551328,4539089882,13617275984,18383300837,24817455702,37226174248,74452353825,223357060236,301532032242,407068239078,549542123903,1099084237350
101888,142632,196399,388595,790117,2350811,3177752,4294944,8628962,17276238,51820519,69950752,104923945,141644152,283292093,849864673,1147319032,1548882386,2323248913,4646484749,13939460734,18818249735,25404636704,38106945531,76213896517,228641688281,308666280125,416699473615,562544290555,1125088570405
104244,145930,200940,397580,808384,2405162,3251222,4394243,8828463,17675665,53018610,71568013,107349787,144918965,289841806,869513545,1173845048,1584692547,2376962428,4753911476,14261741066,19253327669,25991991905,38987978111,77975961805,233927884114,315802644522,426333565445,575550314552,1151100618153
106601,149229,205483,406569,826662,2459543,3324732,4493596,9028074,18075311,54217360,73186166,109776966,148195582,296395130,889173246,1200385685,1620522446,2430705548,4861397415,14584199032,19688645407,26579670842,39869496296,79738998301,239216993574,322942942314,435972967360,588563507164,1177127003130
108958,152529,210026,415558,844940,2513923,3398242,4592950,9227685,18474957,55416106,74804313,112204134,151472187,302948426,908832867,1226926212,1656352197,2484448448,4968882911,14906655673,20123961357,27167347364,40751010860,81502027553,244506081302,330083210769,445612329668,601576646308,1203153281169
111316,155829,214571,424551,863224,2568324,3471780,4692341,9427372,18874755,56615311,76423078,114632232,154750045,309504230,928500010,1253476896,1692195658,2538211912,5076409537,15229235701,20559443881,27755248761,41632862735,83265731429,249797192902,337226211450,455255380483,614594764934,1229189518173
113674,159131,219118,433547,881516,2622747,3545348,4791772,9627138,19274711,57814989,78042483,117061289,158029198,316062625,948174925,1280038071,1728053284,2591996623,5183978655,15551943206,20995098497,28343382482,42515063096,85030132279,255090395419,344372034870,464902241995,627618028003,1255236044064
118392,165735,228211,451539,918098,2731592,3692480,4990630,10026664,20074611,60214311,81281246,121919332,164587410,329179224,987524185,1333159651,1799767495,2699564483,5399113770,16197348849,21866395085,29519632855,44279438215,88558882768,265676646829,358663474317,484195685038,653664176165,1307328339892
123110,172339,237306,469534,954684,2840446,3839625,5189507,10426226,20874585,62613852,84520304,126777818,171146219,342297016,1026877023,1386286063,1871488230,2807142127,5614268454,16842813201,22737770929,30695990224,46043973828,92087954246,276263861205,372956213769,503490883086,679712693586,1359425374237
127829,178945,246402,487531,991278,2949320,3986798,5388421,10825863,21674708,65013841,87759967,131637212,177706253,355417261,1066237220,1439422408,1943222374,2914739885,5829463363,17488398231,23609309688,31872567530,47808839344,95617685533,286853055005,387251625443,522789688635,705766081131,1411532148832
132548,185552,255499,505531,1027875,3058209,4133990,5587361,11225554,22474938,67414152,91000065,136497257,184267168,368539266,1105602698,1492565883,2014966144,3022352082,6044687150,18134069893,24480965402,33049302723,49573941693,99147890482,297443669796,401548955454,542091083940,731822964846,1463645915766
137269,192159,264597,523533,1064478,3167112,4281202,5786327,11625296,23275271,69814769,94240577,141357924,190828922,381662949,1144973210,1545716153,2086719088,3129978040,6259938460,18779824122,25352732580,34226188393,51339269757,102678546862,308035638877,415848113757,561394947438,757883180625,1515766346827
141990,198768,273697,541537,1101085,3276029,4428432,5985319,12025091,24075707,72215699,97481511,146219224,197391529,394788338,1184348839,1598873332,2158481358,3237617984,6475217743,19425662273,26224613054,35403227012,53104827244,106209662089,318628984498,430149130389,580701319681,783946783207,1567893551494
146711,205377,282797,559543,1137696,3384958,4575677,6184331,12424924,24876224,74616872,100722771,151081013,203954797,407915050,1223728437,1652035871,2230250863,3345268782,6690518733,20071565544,27096581438,36580384310,54870562750,109741133353,329223398232,444451588975,600009638560,810013013749,1620026012081
151432,211986,291897,577549,1174307,3493886,4722923,6383343,12824758,25676741,77018042,103964030,155942800,210518062,421041756,1263108018,1705198385,2302020336,3452919532,6905819626,20717468523,27968549429,37757541077,56636297459,113272603025,339817807188,458754041108,619317948729,836079232531,1672158449150
156155,218598,301001,595563,1210933,3602861,4870231,6582439,13224763,26477599,79420235,107206668,160806655,217084120,434174048,1302504357,1758383523,2373820350,3560616092,7121212140,21363646366,28840888486,38935198783,58402783577,116805575514,350416724594,473062579651,638634475550,862156543793,1724313071179
160878,225210,310106,613579,1247564,3711847,5017556,6781558,13624812,27278546,81822697,110449669,165671057,223650915,447307813,1341905114,1811574624,2445628416,3668324729,7336628808,22009896669,29713325363,40112988547,60169467780,120338944173,361016830513,487372722685,657953168436,888236779243,1776473541582
165602,231823,319211,631594,1284193,3820827,5164871,6980664,14024837,28079444,84225012,113692472,170535159,230217306,460440771,1381303448,1864762455,2517432066,3776026743,7552032229,22656107235,30585708595,41290705891,61936043354,123872095574,371616284657,501681985823,677270673461,914315411082,1828630804763
170327,238436,328318,649613,1320831,3929835,5312225,7179823,14424966,28880551,86627951,116936118,175400527,236785406,473577146,1420712036,1917964128,2589254402,3883756786,7767491709,23302485974,31458318861,42468729730,63703078671,127406166460,382218497257,515994972879,696593205774,940400829761,1880801641623
175052,245051,337426,667633,1357470,4038849,5459586,7378991,14825114,29681697,89031011,120179926,180266138,243353833,486714176,1460122587,1971168453,2661080320,3991492199,7982961929,23948896935,32330972627,43646812292,65470202073,130940413518,392821238371,530308673426,715916701302,966487548778,1932975079162
179778,251667,346537,685659,1394122,4147898,5606995,7578224,15225392,30483103,91434848,123424784,185133323,249924387,499855458,1499545897,2024390001,2732929488,4099262489,8198501901,24595517153,33203908888,44825276224,67237897529,134475804683,403427411807,544627007609,735246452238,992582712595,1985165406299
184504,258284,355647,703685,1430773,4256946,5754403,7777455,15625668,31284504,93838670,126669622,190000478,256494899,512996659,1538968959,2077611214,2804778204,4207032100,8414040516,25242133299,34076839652,46003732736,69005581855,138011173588,414033518464,558945251639,754576081467,1018677712109,2037355404831
189231,264901,364759,721714,1467430,4366009,5901831,7976713,16025998,32086013,96242817,129914897,194868291,263066298,526139633,1578397343,2130839614,2876636622,4314816262,8629608234,25888836754,34949888285,47182348368,70773504863,141547019855,424641057207,573265428986,773908320675,1044776235093,2089552450303
193958,271518,373870,739742,1504086,4475072,6049258,8175971,16426327,32887522,98646963,133160171,199736101,269637693,539282601,1617825709,2184067987,2948495004,4422600373,8845175848,26535539896,35822936494,48360963430,72541427014,145082864411,435248590816,587585599402,793240550525,1070874745446,2141749470511
198687,278137,382985,757777,1540755,4584174,6196739,8375302,16826801,33689319,101051976,136406616,204605667,276211460,552430311,1657268300,2237315565,3020379312,4530423370,9060821235,27182476359,36696299686,49540003718,74309987005,148619984645,445859951460,601910936315,812579755147,1096982671740,2193965322602
203416,284757,392100,775813,1577425,4693277,6344222,8574634,17227279,34491125,103457013,139653093,209475282,282785293,565578152,1696711285,2290563675,3092264340,4638247446,9276468780,27829419296,37569671618,50719055807,76078564695,152157140280,456471418305,616236416599,831919153319,1123090859327,2246181697280
208146,291377,401216,793851,1614100,4802396,6491725,8773994,17627813,35293044,105862389,142900028,214345583,289360051,578727844,1736159823,2343819281,3164159486,4746086699,9492146680,28476453294,38443166483,51898273855,77847391324,155694793792,467084378780,630563913285,851261273634,1149202721806,2298405421742
212876,298000,410335,811895,1650789,4911554,6639282,8973427,18028493,36095254,108268641,146148145,219217658,295937205,591882328,1775622735,2397094293,3236080831,4853965250,9707903174,29123723078,39316979658,53077921620,79616862529,159233736455,477701206710,644896631034,870610442383,1175324099673,2350648176979
217607,304622,419453,829936,1687470,5020689,6786806,9172817,18429086,36897291,110674370,149395557,224088675,302512930,605033954,1815077072,2450357728,3307986547,4961820358,9923612782,29770852204,40190602946,54257313038,81385949214,162771910078,488315727523,659226234176,889955406413,1201439801168,2402879579471
222338,311244,428571,847978,1724155,5129838,6934352,9372234,18829735,37699438,113080431,152643417,228960362,309089561,618187392,1854536848,2503628505,3379902175,5069690332,10139352124,30418070532,41064346654,55436867024,83155279750,166310571404,498931711439,673557812507,909303036948,1227559102446,2455118181529
227069,317868,437691,866023,1760845,5239001,7081915,9571675,19230431,38501682,115486783,155891669,233832639,315666986,631342420,1894001392,2556905720,3451826493,5177573343,10355117538,31065367073,41938195950,56616563554,84924824103,169849660363,509548978259,687891122757,928653005574,1253681560146,2507363096432
231801,324492,446813,884071,1797541,5348182,7229502,9771148,19631193,39304057,117893527,159140451,238705712,322245486,644499595,1933472380,2610191635,3523762557,5285473971,10570918187,31712769323,42812187954,57796452739,86694657437,173389327285,520167978966,702226773756,948006134210,1279808283859,2559616543361
241268,337744,465060,920177,1870952,5566601,7524755,10170202,20432931,40909235,122708299,165639747,248454453,335405992,670820959,2012435392,2716791861,3667673020,5501332728,11002634486,33007918822,44560637710,60156859869,90235267247,180470547411,541411639227,730905715196,986722704731,1332075654172,2664151282992
250735,350997,483310,956284,1944369,5785035,7820027,10569281,21234719,42514513,127523373,172139450,258203805,348567323,697143973,2091403357,2823398774,3811592509,5717205024,11434377863,34303149556,46309197133,62517415050,93776099134,187552211692,562656631950,759586455461,1025441703664,1384346302842,2768692579337
260203,364251,501560,992394,2017788,6003478,8115311,10968377,22036542,44119861,132338655,178639436,267953581,361729225,723468130,2170374748,2930010312,3955518243,5933086686,11866139972,35598436484,48057832417,64878072642,97317084637,194634183205,583902546373,788268440019,1064162382395,1436619219237,2873238411133
269672,377506,519811,1028507,2091216,6221944,8410627,11367516,22838452,45725383,137154459,185140125,277704412,374892551,749795135,2249354685,3036633387,4099459552,6148991711,12297948805,36893863587,49806656939,67238985705,100858453347,201716921132,605150760036,816953528551,1102887251491,1488897792625,2977795556914
279140,390760,538062,1064618,2164639,6440397,8705924,11766629,23640310,47330801,141969953,191640395,287454614,388055029,776120443,2328329527,3143249586,4243391577,6364882810,12729729788,38189207138,51555368664,69599746493,104399593644,208799202233,626397603221,845636766938,1141609622890,1541172994125,3082345958917
288609,404015,556313,1100730,2238063,6658855,9001229,12165753,24442190,48936262,146785574,198140837,297205074,401217855,802446448,2407306465,3249868612,4387327419,6580779635,13161522222,39484585044,53304126769,71960569894,107940827861,215881671172,647645009922,874320766073,1180333021299,1593449582085,3186899133844
298078,417271,574566,1136845,2311494,6877332,9296559,12564911,25244138,50541861,151601608,204641837,306956373,414381813,828774716,2486290190,3356496801,4531275632,6796695014,13593351766,40780074279,55053035168,74321596192,111482366423,222964748804,668894242697,903007230407,1219059747727,1645730662874,3291461294425
307548,430528,592820,1172962,2384930,7095826,9591911,12964098,26046144,52147576,156417991,211143308,316708377,427546724,855104889,2565279629,3463132705,4675234258,7012626015,14025212552,42075657239,56802070095,76682793303,115024161204,230048338873,690145012788,931695770117,1257789275913,1698015526033,3396031019749
317020,443788,611079,1209090,2458386,7314377,9887341,13363392,26848365,53753721,161235665,217646522,326462995,440715163,881442120,2644290242,3569797192,4819231473,7228614897,14457189098,43371587482,58551573855,79044623337,118566905369,237133827711,711401479182,960391999837,1296529185610,1750314404235,3500628775158
326493,457048,629338,1245217,2531842,7532930,10182775,13762690,27650594,55359882,166053387,224149800,336217709,453883731,907779610,2723301634,3676462732,4963230110,7444605910,14889169909,44667530516,60301094882,81406476682,122109684501,244219386483,732658155380,989088512792,1335269477677,1802613798633,3605227562960
335964,470307,647595,1281341,2605291,7751461,10478178,14161946,28452738,56965872,170870596,230652386,345971385,467050898,934114297,2802304615,3783116916,5107213415,7660573927,15321104727,45963335576,62050429644,83768078571,125652086448,251304190884,753912568467,1017781970548,1374005645224,1854907624931,3709815214561
345439,483570,665858,1317475,2678760,7970052,10773662,14561313,29255105,58572309,175689147,237156783,355727778,480221734,960456320,2881329605,3889800813,5251236833,7876602112,15753159881,47259501639,63800251760,86130338386,129195475286,258390969067,775172902898,1046483422118,1412752604420,1907216019954,3814432003612
354914,496835,684122,1353613,2752239,8188670,11069183,14960729,30057573,60178948,180508300,243661994,365485390,493394216,986801636,2960364476,3996498049,5395278260,8092657308,16185269056,48555829770,65550292666,88492893568,132739307173,265478633349,796435895625,1075188462387,1451504408359,1959530955382,3919061873471
364390,510100,702388,1389754,2825723,8407308,11364730,15360181,30860110,61785726,185327872,250167769,375243850,506567841,1013149240,3039406208,4103204547,5539332189,8308731258,16617415740,49852270424,67300485480,90855653826,136283446675,272566912859,817700734038,1103895994333,1490259576062,2011850431890,4023700825493
373865,523362,720650,1425887,2899192,8625898,11660213,15759546,31662473,63392155,190146397,256672131,385000190,519738605,1039491121,3118430769,4209887865,5683354827,8524758271,17049468549,51148429455,69050298103,93217900825,139826816288,279653652594,838960953123,1132597290185,1529006325039,2064158543119,4128317046956
383342,536630,738918,1462033,2972687,8844564,11955800,16159051,32465117,64999146,194966608,263178770,394759945,532913978,1065842220,3197482989,4316608523,5827427872,8740860893,17481672577,52445042142,70800723160,95580974611,143371426081,286742872687,860228613284,1161308631492,1567766635379,2116484962187,4232969884096
392819,549895,757184,1498175,3046171,9063202,12251347,16558502,33267655,66605925,199786182,269684549,404518411,546087612,1092189840,3276524769,4423315086,5971481889,8956934974,17913819523,53741483583,72550917036,97943736303,146915567734,293831156500,881493464605,1190016180862,1606521826606,2168804470453,4337608899631
402297,563164,775455,1534325,3119675,9281897,12546972,16958059,34070403,68213126,204607022,276192037,414279440,559264706,1118544381,3355587311,4530049679,6115573747,9173065816,18346079988,55038265582,74301570664,100307118660,150460640384,300921302306,902763901906,1218731271306,1645287198282,2221137722325,4442275402379
411776,576432,793725,1570474,3193175,9500579,12842578,17357591,34873102,69820227,209427564,282699121,424039864,572440982,1144897287,3434644948,4636777649,6259656664,9389183246,18778313633,56334967119,76052115669,102670354375,154005493071,308011008188,924033019435,1247444580058,1684050164673,2273467727063,4546935410859
421255,589701,811996,1606627,3266682,9719282,13138214,17757162,35675881,71427489,214248586,289206855,433801262,585618574,1171252822,3513710475,4743516270,6403753961,9605322245,19210590413,57631798063,77802835372,105033825933,157550699522,315101421596,945304259543,1276160754291,1722816999464,2325802954140,4651605864017
430733,602970,830266,1642776,3340183,9937966,13433825,18156698,36478589,73034607,219069179,295714009,443561790,598794992,1197606011,3592768960,4850245387,6547838425,9821441995,19642828698,58928513519,79553399168,107397087017,161095590261,322191203582,966573605383,1304874371262,1761580381952,2378133520608,4756266995957
440213,616241,848541,1678933,3413700,10156700,13729503,18556327,37281483,74642099,223890892,302222675,453324585,611974469,1223965319,3671845805,4956999288,6691956349,10037611934,20075167357,60225530101,81304369484,109760896902,164641304203,329282631973,987847890437,1333594656173,1800352766159,2430476239397,4860952432538
449696,629515,866818,1715098,3487231,10375475,14025236,18956030,38084526,76249890,228713502,308732552,463089196,625156399,1250329532,3750937364,5063773053,6836101089,10253822095,20507586462,61522788020,83055665603,112125146621,168187677895,336375379866,1009126133997,1362320285067,1839132364742,2482828697594,4965657347935
459175,642785,885091,1751252,3560742,10594191,14320888,19355623,38887348,77857237,233534782,315240634,472851116,638334696,1276686478,3830007124,5170517389,6980206100,10469972665,20939886385,62819688391,84806479033,114488744712,171733074145,343466172873,1030398512902,1391037996676,1877901274991,2535166726539,5070333404829
468657,656058,903368,1787415,3634272,10812961,14616614,19755317,39690372,79464989,238357276,321750353,482615492,651516308,1303050054,3909096770,5277288573,7124347356,10686177600,21372295039,64116914956,86557732825,116852937290,175279362126,350558749344,1051676242193,1419762931307,1916679936319,2587517919442,5175035789639
487619,682602,939918,1859734,3781314,11250453,15208002,20554617,41296244,82680142,248001211,334768372,502142115,677876657,1355771459,4067258826,5490807668,7412598450,11118540345,22237018096,66711085335,90059858695,121580807133,182371165117,364742356342,1094227062952,1477206539508,1994228806543,2692208894463,5384417737688
506583,709149,976471,1932059,3928369,11687983,15799441,21353986,42902255,85895573,257645978,347787514,521670422,704239281,1408497412,4225434521,5704345179,7700874404,11550940380,23101815730,69305479443,93562286600,126309084722,189463579729,378927186580,1136781553431,1534655101829,2071784364829,2796908898368,5593817743507
525549,735699,1013031,2004395,4075448,12125581,16390972,22153479,44508515,89111503,267292244,360808678,541201763,730606000,1461231555,4383634790,5917915862,7989195141,11983407587,23966747711,71900276594,97065258610,131038096854,196557096154,393114220445,1179342654791,1592112588842,2149351971449,2901625167523,5803250279824
544517,762251,1049591,2076733,4222531,12563194,16982522,22952998,46114827,92327537,276938821,373830264,560733734,756973570,1513967402,4541840169,6131493445,8277525194,12415888767,24831707636,74495157576,100568343793,135767261770,203650841755,407301712661,1221905131203,1649571932173,2226922084098,3006344819819,6012689582423
563482,788800,1086148,2149066,4369602,13000769,17574024,23752451,47721007,95543305,286584600,386850772,580264090,783338959,1566698887,4700032463,6345053362,8565831397,12848334173,25696596013,77089823915,104071139207,140496035497,210744000573,421488031313,1264464086922,1707026522571,2304485780288,3111055809893,6222111560579
582449,815351,1122708,2221404,4516683,13438375,18165565,24551959,49327295,98759293,296231038,399872169,599795780,809706149,1619433971,4858235555,6558627858,8854157282,13280809101,26561543435,79684667388,107574173753,145225132052,217837643632,435675318447,1307025948088,1764485035321,2382054771652,3215773948454,6431547835708
601419,841906,1159275,2293755,4663791,13876063,18757217,25351616,50933886,101975883,305879284,412896005,619331128,836078278,1672178936,5016468288,6772242367,9142537184,13713365054,27426652905,82279997005,111077864592,149955114603,224932615685,449865263569,1349595783218,1821954312921,2459638295565,3320511705956,6641023348717
620388,868460,1195838,2366100,4810887,14313714,19348820,26151206,52540340,105192202,315526716,425918745,638864832,862448187,1724919460,5174687698,6985838892,9430892807,14145884588,28291689538,84875108111,114581260441,154684698918,232026990384,464054013982,1392162034220,1879418751951,2537215287407,3425240645161,6850481225136
639360,895018,1232407,2438455,4958004,14751427,19940507,26950909,54147024,108408980,325175523,438943340,658401319,888821852,1777667497,5332929647,7199465845,9719289509,14578465738,29156849404,87470588917,118085155385,159414957011,239122375750,478244785730,1434734349227,1936891377386,2614803330896,3529984504090,7059968941000
658330,921573,1268972,2510804,5105108,15189102,20532142,27750543,55753566,111625474,334823481,451966789,677936086,915193197,1830410892,5491157670,7413073997,10007660829,15011008817,30021933126,90065841290,121588741946,164144798786,246217136638,492434308522,1477302917369,1994358944553,2692384545724,3634719144326,7269438219480
677303,948132,1305544,2583166,5252237,15626852,21123878,28550314,57360384,114842521,344473093,464992472,697474204,941569065,1883163333,5649412834,7626718790,10296081614,15443626091,30887165238,92661538836,125092929488,168875451886,253313114516,506626265293,1519878787447,2051836369335,2769979068332,3739471750066,7478943428966
696274,974689,1342112,2655520,5399352,16064560,21715558,29350008,58967048,118059260,354121784,478016911,717010456,967942414,1935910738,5807652887,7840343183,10584474860,15876202058,31752314737,95256988539,128596782443,173605653294,260408414853,520816866984,1562450592284,2109308306040,2847566182036,3844214353785,7688428634411
715248,1001250,1378685,2727883,5546485,16502320,22307307,30149796,60573900,121276374,363771603,491042872,736548991,994318844,1988664306,5965911428,8053992535,10872901800,16308828564,32617565313,97852741477,132101044765,178336407347,267504544158,535009126610,1605027370924,2166786957380,2925162360496,3948969194926,7897938314698
734223,1027812,1415262,2800254,5693634,16940126,22899120,30949670,62180926,124493837,373422464,504070240,756089636,1020698124,2041423570,6124187059,8267664957,11161359885,16741501786,33482909321,100448774709,135605685483,183067672234,274601439715,549202918739,1647608747075,2224271815359,3002766917920,4053735347668,8107470618188
753195,1054371,1451832,2872612,5840757,17377859,23490833,31749410,63787681,127710757,383071700,517095414,775626992,1047072963,2094173955,6282436052,8481301419,11449769424,17174102192,34348107697,103044371047,139109736396,187798140884,281697140917,563394322159,1690182957099,2281746999068,3080358415079,4158483869052,8316967658961
772168,1080931,1488404,2944973,5987886,17815607,24082567,32549177,65394493,130927791,392721276,530121048,795165036,1073448731,2146926198,6440690617,8694945401,11738189116,17606717826,35213336531,105640058754,142613910655,192528776053,288793091897,577586225135,1732758665788,2339224205975,3157952643555,4263236077713,8526472074291
791140,1107489,1524974,3017331,6135008,18253337,24674276,33348910,67001235,134144687,402370438,543146122,814702241,1099823367,2199676174,6598938385,8908580210,12026596423,18039314883,36078528209,108235634998,146117934440,197259208081,295888738165,591777518686,1775332546207,2396698944716,3235543540007,4367983788143,8735967493156
810111,1134047,1561542,3089687,6282125,18691052,25265965,34148617,68607925,137361476,412019280,556170766,834238801,1126197131,2252424409,6757180927,9122207963,12314994205,18471897654,36943691315,110831125525,149621842507,201989483891,302984150106,605968343584,1817905020665,2454171785410,3313131874096,4472728039382,8945455993642
829084,1160607,1598114,3162047,6429252,19128796,25857694,34948378,70214723,140578482,421668772,569196285,853776674,1152572668,2305176189,6915434104,9335850073,12603411369,18904509497,37808912566,113426790485,153125986059,206720077604,310080038901,620160122191,1860480356249,2511648488625,3390725422587,4577479330065,9154958573013
848062,1187173,1634694,3234426,6576418,19566655,26449577,35748346,71821938,143796323,431320770,582225188,873319622,1178955056,2357941672,7073728391,9549547681,12891903456,19337233720,38674358575,116023129720,156631039880,211451900180,317177770991,634355587388,1903066751603,2569140122530,3468339127511,4682257831930,9364515574749
867041,1213742,1671279,3306813,6723599,20004557,27041519,36548395,73429312,147014485,440973729,595255388,892864516,1205340070,2410712406,7232038432,9763266558,13180424255,19770001010,39539890720,118619727363,160136442552,216184193706,324276209506,648552465433,1945657385504,2626637478472,3545960557184,4787046762208,9574093433312
886020,1240311,1707863,3379199,6870778,20442456,27633458,37348439,75036680,150232633,450626644,608285529,912409320,1231724964,2463482901,7390347753,9976984463,13468943741,20202766333,40405418928,121216313195,163641829279,220916465707,331374615732,662749278902,1988247825673,2684134572876,3623581633781,4891835215833,9783670338567
904999,1266878,1744446,3451582,7017951,20880334,28225367,38148443,76643966,153450616,460279067,621315005,931953128,1258108513,2516250705,7548649002,10190691470,13757448517,20635509588,41270903001,123812766624,167147037263,225648496402,338472660001,676945368455,2030836094098,2741628735427,3701198752377,4996618326156,9993236557219
923977,1293444,1781027,3523961,7165117,21318195,28817253,38948415,78251189,156668475,469931119,634343981,951496185,1284491049,2569016482,7706944172,10404390271,14045942212,21068236224,42136353837,126409120340,170652110634,230380345372,345570431681,691140912832,2073422726992,2799120690009,3778812890214,5101397412455,10202794727824
942955,1320012,1817610,3596343,7312289,21756070,29409159,39748416,79858469,159886446,479583504,647373406,971039916,1310874495,2621784080,7865244805,10618096447,14334445865,21500977796,43001834544,129005563672,174157304986,235112357665,352668448348,705336947182,2116010829804,2856614628982,3856429706979,5206180115307,10412360131534
980919,1373156,1890787,3741132,7606681,22631969,30593172,41348687,83073571,166323474,498891536,673436659,1010133983,1363650302,2727337107,8181899561,11045581010,14911550656,22366607162,44733088403,134199327665,181168878085,244577981185,366866880078,733733812676,2201201425812,2971621933945,4011689566982,5415780926749,10831561750429
1018880,1426297,1963960,3885914,7901060,23507827,31777128,42948881,86288518,172760192,518198638,699498658,1049226168,1416423569,2832885053,8498539074,11473044995,15488627666,23232194859,46464258924,139392841646,188180113667,254043149056,381064628337,762129311226,2286387920991,3086623702788,4166941953225,5625371648614,11250743190171
1056843,1479441,2037137,4030704,8195454,24383729,32961144,44549157,89503627,179197237,537506720,725561978,1088320335,1469199512,2938438350,8815194640,11900530651,16065733933,24097826439,48195517212,144586618925,195191704702,263508796790,395263096390,790526249362,2371578734927,3201631301954,4322202210402,5834972996241,11669945881437
1094805,1532582,2110311,4175486,8489834,25259592,34145108,46149362,92718598,185634001,556813961,751624164,1127412801,1521973158,3043987055,9131836432,12327997713,16642815096,24963420365,49926700190,149780170277,202202990735,272974032771,409460946812,818921952240,2456765843086,3316633898320,4477455713800,6044565226266,12089130337498
1132773,1585732,2183497,4320292,8784262,26135595,35329261,47749823,95934078,192071789,576124270,777690490,1166511477,1574755187,3149552526,9448528519,12755532673,17219987923,25829151783,51658158153,154974546582,209215390454,282440772227,423661052448,847322165543,2541966482524,3431654761914,4632733877954,6254190748313,12508381377602
1170732,1638870,2256666,4465065,9078622,27011398,36513144,49349919,99148829,198508115,595430194,803750898,1205601276,1627525233,3255094031,9765148710,13182970573,17797029718,26694686660,53389223032,160167743638,216226198188,291905362505,437857934315,875715931311,2627147779353,3546649512986,4787976790204,6463768680289,12927537237566
1208699,1692018,2329850,4609867,9373042,27887378,37697266,50950337,102364226,204945732,614739995,829816540,1244698926,1680305877,3360656731,10081832483,13610494309,18374187392,27560395348,55120635536,165361983565,223238413795,301371853411,452057667125,904115398963,2712346181838,3661667356691,4943250877511,6673388698591,13346777270180
1246664,1745165,2403030,4754663,9667449,28763320,38881337,52550687,105579486,211383078,634048979,855881077,1283794919,1733084284,3466214959,10398502841,14037999935,18951320618,28426067366,56851974698,170556003468,230250332372,310837943327,466256798449,932513663645,2797540975410,3776680328365,5098518387574,6882999837614,13765999544236
1284625,1798305,2476202,4899443,9961823,29639163,40065273,54150856,108794381,217819693,653355770,881942656,1322886474,1785856701,3571761204,10715137252,14465457033,19528388330,29291641117,58583117328,175749433774,237261454993,320302958701,480454317962,960908704703,2882726098111,3891680244364,5253768272475,7092587182669,14185174230358
1322586,1851445,2549374,5044221,10256195,30515000,41249202,55751014,112009255,224256265,672662433,908004062,1361977769,1838628766,3677306748,11031769558,14892911288,20105452206,30157209112,60314248445,180942829542,244272530988,329767911130,494651743058,989303556927,2967910654310,4006679395584,5409017124927,7302173133917,14604346128865
1360557,1904600,2622567,5189041,10550650,31391086,42433466,57351626,115225041,230694662,691974572,934072859,1401080151,1891415798,3782882225,11348491662,15320486771,20682679739,31023022586,62045870518,186137698178,251285595353,339235547859,508853194601,1017706462046,3053119369195,4121711161031,5564310006583,7511818524592,15023636906225
1398530,1957758,2695762,5333867,10845119,32267211,43617784,58952310,118440972,237133350,711287583,960142832,1440184298,1944205214,3888462467,11665228064,15748081557,21259933330,31888875146,63777570764,191332801334,258298976319,348703611999,523055287263,1046110649402,3138331930790,4236748119536,5719609898867,7721473379613,15442946612278
1436500,2010911,2768952,5478682,11139564,33143266,44802007,60552865,121656644,243571520,730599040,986210710,1479285302,1996990385,3994034223,11981939006,16175641971,21837140520,32754658106,65509131810,196527486891,265311793526,358170915065,537256238312,1074512553533,3223537642710,4351775830981,5874897307621,7931111381870,15862222612801
1474467,2064059,2842136,5623483,11433983,34019243,45986124,62153278,124872029,250009116,749908773,1012276259,1518382813,2049770841,4099596548,12298621654,16603164188,22414296144,33620363720,67240538164,201721708369,272323984229,367637372351,551455920691,1102911920323,3308735742607,4466793266194,6030170843462,8140730655692,16281461156457
1512434,2117209,2915321,5768287,11728408,34895238,47170266,63753725,128087484,256446850,769218924,1038342372,1557481170,2102552440,4205161159,12615311162,17030695667,22991464270,34486088086,68971982022,206916042360,279336326823,377104034689,565655910648,1131311902271,3393935687980,4581813192799,6185447742680,8350354470077,16700708781236
1550411,2170372,2988524,5913129,12022908,35771457,48354712,65354580,131303760,262886230,788534011,1064415149,1596589522,2155347532,4310752755,12932081625,17458336435,23568779938,35352033758,70703868490,212111704183,286350461989,386573117000,579859530565,1159719144137,3479157413105,4696862522070,6340764335499,8560031870821,17120063578733
1588381,2223524,3061713,6057942,12317349,36647500,49538918,66955114,134519389,269324314,807845209,1090482676,1635690000,2208131993,4416323090,13248788304,17885891094,24145979359,36217805065,72435406230,217306319819,293363184803,396040292635,594060290468,1188120665977,3564361978152,4811888685235,6496049654076,8769667051337,17539333935776
1626359,2276689,3134919,6202787,12611857,37523742,50723394,68556011,137735748,275763858,827160788,1116556117,1674799348,2260928430,4521917375,13565566832,18313542750,24723309725,37083772784,74167336793,222502113926,300377498552,405509616032,608264272013,1216528631100,3649585873050,4926940943700,6651370201305,8979349790534,17958699410181
1664334,2329850,3208119,6347623,12906343,38399921,51907785,70156794,140951878,282202944,846474993,1142627702,1713905913,2313721108,4627504146,13882322818,18741163973,25300599007,37949678878,75899144107,227697538286,307391313143,414978265567,622467242765,1244934574636,3734803703185,5041985014735,6806679695505,9189017608143,18378035041409
1702314,2383016,3281329,6492475,13200866,39276207,53092321,71757772,144168399,288642815,865791552,1168702467,1753017246,2366520224,4733103791,14199117424,19168837335,25877958676,38815690550,77631162576,232893596110,314405982909,424448069587,636671945245,1273343981629,3820031923692,5157043112771,6962008126157,9398710989961,18797421801054
1740293,2436181,3354535,6637323,13495377,40152459,54276810,73358688,147384796,295082436,885107362,1194776219,1792127061,2419317290,4838699337,14515899734,19596494095,26455295934,39681668607,79363113813,238089452239,321420380388,433917506020,650876096343,1301752285859,3905256835909,5272096744617,7117330527451,9608396232147,19216792281435
1778266,2489339,3427731,6782149,13789847,41028586,55461131,74959375,150600732,301521135,904420404,1220846236,1831231273,2472106793,4944279756,14832636666,20024089597,27032550492,40547522616,81094816956,243284564087,328433773088,443385586001,665078212765,1330156520737,3990469540069,5387133895585,7272630679560,9818051437933,19636102689017
1816250,2542511,3500947,6927016,14084398,41904957,56645781,76560507,153817564,307961627,923738824,1246923511,1870346373,2524910994,5049889572,15149461785,20451804151,27609965771,41413617699,82827002246,248481122375,335449118480,452856302118,679284283390,1358568664020,4075705969445,5502203075595,7427974070876,10027765016647,20055529842454
1854228,2595675,3574152,7071860,14378902,42781189,57830244,78161387,157033889,314401105,943054203,1272996682,1909455315,2577706883,5155482763,15466237032,20879451376,28187290155,42279576445,84558914863,253676862644,342463359548,462325527395,693488117756,1386976334784,4160928981266,5617254141905,7583293008697,10237445583145,20474890971460
1892202,2648835,3647350,7216691,14673382,43657348,59014607,79762132,160249943,320840039,962367953,1299067654,1948560960,2630498320,5261067050,15782985566,21307062540,28764565857,43145462171,86290681440,258872164791,349477009152,471793954196,707690754407,1415381610121,4246144806802,5732295506732,7738598849516,10447108468688,20894216738555
1968155,2755159,3793755,7506369,15262372,45409754,61383453,82963784,166682376,333718558,1000997402,1351212229,2026776197,2736086523,5472246281,16416514606,22162328030,29919175531,44877321022,89754389393,269263293486,363505016299,490731763518,736097461290,1472195027951,4416585059347,5962389848372,8049226207335,10866455402621,21732910598441
2044106,2861480,3940156,7796040,15851347,47162116,63752241,86165356,173114649,346596758,1039625892,1403355509,2104989490,2841672102,5683420265,17050027905,23017572269,31073756514,46609136840,93218011280,279654163982,377532674878,509669102272,764503462321,1529007034079,4587021076787,6192478472621,8359845846676,11285791916608,22571583618434
2120065,2967813,4086572,8085741,16440383,48914661,66121274,89367261,179547589,359476293,1078258390,1455504200,2183210899,2947268637,5894616162,17683606942,23872905254,32228457307,48341132365,96681992579,290046112716,391561789077,528608406112,792912410981,1585824935466,4757474780001,6422590972664,8670497718339,11705171944230,23410343665695
2196027,3074149,4232994,8375453,17029442,50667273,68490399,92569290,185980780,372356328,1116892388,1507654916,2261435346,3052869272,6105820259,18317210579,24728271450,33383202932,50073195138,100146108373,300438464935,405591447979,547548445303,821322462666,1642645042903,4927935101368,6652712407215,8981161651586,12124568254992,24249136279237
2271987,3180484,4379413,8665159,17618491,52419854,70859482,95771262,192413855,385236134,1155525696,1559804699,2339658394,3158468021,6317020582,18950802893,25583622359,34537927922,51805226958,103610162262,310830631437,419620856165,566488146026,849732006650,1699464134937,5098392376524,6882829729380,9291820033115,12543957070932,25087913903136
2347940,3286807,4525817,8954836,18207477,54172250,73228314,98972895,198846250,398114578,1194154920,1611948970,2417873174,3264055606,6528198580,19584328234,26438882854,35692530852,53537075695,107073849987,321221699446,433648781387,585425844748,878138547632,1756277220968,5268831633671,7112922727234,9602445576822,12963301555813,25926602864918
2423895,3393135,4672228,9244524,18796489,55924722,75597250,102174668,205278926,410993585,1232785832,1664095519,2496091371,3369647805,6739385804,20217881252,27294180714,36847184225,55269000094,110537689033,331613221423,447677319465,604364370826,906546329648,1813092789066,5439278337020,7343025777460,9913084691232,13382664361144,26765328467598
2499860,3499475,4818655,9534248,19385571,57677403,77966468,105376822,211712368,423874124,1271421340,1716248272,2574318875,3475252568,6950598155,20851509651,28149580338,38001974979,57001130557,114001940207,342005979782,461707526657,623305150207,934957491619,1869915117076,5609745320102,7573156205326,10223760765455,13802077062221,27604153861773
2575831,3605825,4965094,9823993,19974698,59430219,80335868,108579224,218146307,436755658,1310059835,1768405058,2652552425,3580865493,7161826833,21485187029,29005046084,39156854998,58733394914,117466459171,352399541508,475738818392,642247393722,963370849789,1926741837484,5780225480381,7803304422406,10534460855117,14221522184142,28443044097632
2651793,3712160,5111515,10113702,20563752,61182816,82704973,111781225,224579441,449635583,1348693499,1820555323,2730776196,3686465217,7373029106,22118785194,29860404893,40311590652,60465442731,120930545052,362791803987,489768356146,661187269363,991780656150,1983561454271,5950684329797,8033423869822,10845122105734,14640914873352,29281829468071
2727767,3818514,5257960,10403460,21152904,62935704,85074470,114983758,231013643,462517642,1387333568,1872714232,2809012934,3792082446,7584266389,22752488390,30715905493,41466517724,62197777665,124395205167,373185789171,503800219549,680130284630,1020195171949,2040390489936,6121171435846,8263581463693,11155834854064,15060377084474,30120753882332
2803735,3924859,5404394,10693197,21742012,64688463,87443794,118186055,237447372,475398758,1425970807,1924869324,2887243944,3897691942,7795488208,23386145192,31571343461,42621360243,63929985773,127859611631,383579013400,517831055664,699071913057,1048607607487,2097215365081,6291646060334,8493722207456,11466524854750,15479808586276,30959616877955
2879688,4031184,5550799,10982875,22331003,66440874,89812647,121387716,243879821,488277310,1464600356,1977014033,2965459383,4003280416,8006667984,24019675865,32426611155,43775972892,65661849088,131323328510,393970168872,531859098962,718009771182,1077014387574,2154028929321,6462086752109,8723817142056,11777153013065,15899156600878,31798312899178
2955654,4137526,5697230,11272604,22920094,68193584,92181904,124589924,250313371,501158066,1503236514,2029167664,3043688201,4108886954,8217883885,24653314914,33282025158,44930783057,67394008667,134787637916,404363101928,545889541992,736950868945,1105426027119,2210852212476,6632556600629,8953951438264,12087834309550,16318576352010,32637152393459
3031615,4243861,5843649,11562310,23509141,69946158,94550979,127791885,256746425,514037828,1541869692,2081317273,3121910988,4214485348,8429083501,25286905108,34137373204,46085504182,69126034690,138251680211,414755233647,559918903221,755890506277,1133835476016,2267671114337,6803013305266,9184067990227,12398491651305,16737963764256,33475927209971
3107587,4350212,5990090,11852061,24098280,71699009,96920427,130994350,263180490,526919616,1580508947,2133475084,3200146077,4320100351,8640316333,25920594950,34992855777,47240406917,70858333119,141716267317,425148999802,573950470936,774833122364,1162249393044,2324498952462,6973496818696,9414220734062,12709197852087,17157417136189,34314833945852
3183568,4456575,6136548,12141844,24687483,73452049,99290131,134197161,269615253,539802801,1619152390,2185638550,3278389649,4425726804,8851572067,26554353496,35848431101,48395434866,72590819364,145181230053,435543892847,587983559950,793777792206,1190666390704,2381332951849,7143998815912,9644398431010,13019937739570,17576915985169,35153831635828
3259527,4562908,6282966,12431549,25276527,75204615,101659193,137399105,276048273,552682495,1657785366,2237787886,3356612025,4531324646,9062770577,27187940370,36703774667,49550149942,74322836314,148645254202,445935970130,602012847691,812717330328,1219075690786,2438151556080,7314454627660,9874513777574,13330593454037,17996301200575,35992602058659
3335507,4669270,6429422,12721328,25865723,76957634,104028869,140601879,282482958,565565524,1696428343,2289950722,3434854651,4636949823,9274023759,27821691260,37559339654,50705163937,76055301628,152110175078,456330737594,616045767170,831661771298,1247492345138,2494984868852,7484954565030,10104688693730,13641329587450,18415794981560,36831589612646
3411489,4775636,6575884,13011120,26454943,78710729,106398647,143804789,288917920,578449107,1735072981,2342115799,3513100640,4742579540,9485286020,28455469387,38414941412,51860227571,77787841399,155575244866,466725951797,630079289747,850607026448,1275910220761,2551820624165,7655461830022,10334873502173,13952079075453,18835306791241,37670613224023
3487464,4881989,6722329,13300878,27044095,80463618,108768145,147007322,295352122,591331168,1773713057,2394274718,3591337391,4848196786,9696523340,29089172690,39270442157,53015154839,79520176627,159039905569,477119938743,644111155529,869550044927,1304324741377,2608649669465,7825948964977,10565031135066,14262791876463,19254769073481,38509537780522
3563421,4988319,6868742,13590571,27633115,82216115,111137115,150209142,301784891,604210361,1812344527,2446422022,3669556720,4953790512,9907713618,29722734872,40125752387,54169824911,81252126074,162503794712,487511611009,658139896497,888488844905,1332732934244,2665466059266,7996398133434,10795137513188,14573435483532,19674137943902,39348275513382
3639393,5094670,7015183,13880322,28222253,83968963,113506558,153411601,308218945,617092125,1850983712,2498579739,3747791669,5059405326,10118946073,30356423580,40981233428,55324725578,82984421402,165968375615,497905358556,672171439090,907431427078,1361146800402,2722293795650,8166881341639,11025289844970,14884141128041,20093590564866,40187180747327
3715347,5200996,7161591,14170004,28811251,85721395,115875440,156613301,314651474,629970838,1889613742,2550725098,3826008081,5164995115,10330128478,30989962140,41836511770,56479352601,84716306277,169432135614,508296643389,686199657023,926369520962,1389553934126,2779108067165,8337324155239,11255387644034,15194773153383,20512943799954,41025887209523
3791326,5307356,7308045,14459781,29400442,87474398,118245093,159816043,321086097,642853741,1928256343,2602887427,3904249946,5270619265,10541379605,31623706865,42692068436,57634355361,86448754740,172897022788,518691309746,700232440009,945313777665,1417970312079,2835940827138,8507822434214,11485560321355,15505506264370,20932433500663,41864866602958
3943282,5520075,7600951,15039329,30578811,90980372,122984356,166221470,333955227,668619319,2005540857,2707211155,4060732284,5481865685,10963878100,32891185036,44403166538,59944340324,89913620830,179826735461,539480457441,728297756205,983201953874,1474802562188,2949605335490,8848815957377,11945901579034,16126966955445,21771405435370,43542810456405