0,1,2,3,9,8,10,11,12,13,14,15,5,17,6,16,4,18,7,19,20,21,22,23,24,25,26,27,28,29
10,14,19.2,38.1,77.5,230.8,311.9,421.5,846.8,1695.5,5086,6865.5,10298.1,13902.1,27804.5,83412.5,112607,152019.6,228022.1,456043,1368129.6,1846973,2493413.4,3740119.2,7480238.9,22440716.4,30294967.2,40898205.3,55212577.4,110425153.6
11,15.4,21.1,41.9,85.3,253.9,343.1,463.7,931.5,1865.1,5594.6,7552.1,11327.9,15292.3,30585,91753.8,123867.7,167221.6,250824.3,501647.3,1504942.6,2031670.3,2742754.7,4114131.1,8228262.8,24684788,33324463.9,44988025.8,60733835.1,121467669
12.1,16.9,23.2,46.1,93.8,279.3,377.4,510.1,1024.7,2051.6,6154.1,8307.3,12460.7,16821.5,33643.5,100929.2,136254.5,183943.8,275906.7,551812,1655436.9,2234837.3,3017030.2,4525544.2,9051089.1,27153266.8,36656910.3,49486828.4,66807218.6,133614435.9
13.3,18.6,25.5,50.7,103.1,307,414.8,560.7,1126.3,2255.1,6764.4,9131.1,13696.4,18489.7,36979.9,110938.3,149766.9,202185.5,303268.4,606535.2,1819606.6,2456466.1,3316229.1,4974342.4,9948685.6,29846056.3,40292176.1,54394437.2,73432490.5,146864979.5
14.6,20.4,28,55.7,113.2,337,455.3,615.5,1236.4,2475.5,7425.6,10023.6,15035.1,20296.9,40594.3,121781.4,164405.1,221947.1,332909.9,665818,1997454.9,2696561.1,3640357.3,5460534.6,10921070.1,32763209.8,44230333.4,59710949.5,80609782.1,161219562.6
16,22.4,30.7,61,124.1,369.3,499,674.5,1355,2712.9,8137.6,10984.8,16476.8,22243.2,44486.9,133459,180169.9,243229.6,364832.6,729663.3,2188990.9,2955134.3,3989431.2,5984145.3,11968291.5,35904874,48471580.1,65436632.4,88339454.1,176678906.5
17.5,24.5,33.6,66.7,135.7,403.9,545.8,737.7,1482,2967.2,8900.5,12014.6,18021.5,24328.5,48657.5,145970.8,197060.8,266032.4,399035.7,798069.2,2394208.8,3232178.1,4363440.4,6545158.9,13090318.8,39270955.9,53015790.7,71571316.7,96621277.9,193242554
19.1,26.7,36.7,72.8,148.1,440.8,595.7,805.1,1617.5,3238.5,9714.3,13113.1,19669.2,26552.9,53106.3,159316.9,215078.1,290355.7,435519.5,871036.7,2613111.3,3527696.1,4762389.8,7143582.8,14287166.6,42861499.4,57863024.4,78115082.2,105455361.3,210910720.7
20.8,29.1,40,79.3,161.3,480,648.7,876.8,1761.5,3526.8,10579,14280.3,21420,28916.4,57833.3,173497.7,234222.2,316200.3,474285.1,948567.7,2845704.3,3841696.3,5186290.1,7779433.1,15558867.3,46676601.5,63013412.2,85068105.7,114841943,229683883.9
22.6,31.6,43.5,86.2,175.3,521.5,704.8,952.7,1913.9,3832,11494.5,15516.1,23273.7,31418.8,62838.2,188512.2,254491.8,343564.3,515329.7,1030656.7,3091971.6,4174156.7,5635111.6,8452665.2,16905331.7,50715994.6,68466592.9,92429899.6,124780364.7,249560727.2
24.5,34.3,47.2,93.4,190,565.3,764.1,1032.8,2074.8,4154.2,12460.8,16820.5,25230.3,34060.2,68121,204360.4,275886.9,372447.8,558653.5,1117304,3351913.7,4525078.1,6108855.4,9163280.8,18326562.9,54979688.3,74222579.4,100200481.3,135270650,270541297.5
26.5,37.1,51.1,101,205.5,611.4,826.5,1117.1,2244.2,4493.3,13478,18193.6,27289.8,36840.5,73681.7,221042.3,298407.5,402850.7,604256.4,1208509.5,3625530.4,4894460.2,6607521.3,9911279.4,19822560.2,59467680.3,80281368.6,108379846.6,146312793.2,292625583.6
28.6,40,55.1,109,221.8,659.9,892,1205.6,2422.1,4849.4,14546.1,19635.4,29452.5,39760.1,79521,238559.9,322056.3,434776.6,652143.7,1304283.9,3912853.7,5282346.2,7131167.4,10696748.3,21393498.1,64180494,86643667.1,116968949.4,157908082.1,315816161.1
30.8,43.1,59.3,117.4,238.9,710.7,960.6,1298.3,2608.4,5222.4,15665,21145.8,31718,42818.4,85637.8,256909.9,346828.9,468219.6,702306.6,1404609.4,4213830.4,5688664.3,7679696.8,11519542.2,23039086,69117257.6,93308298,125966201,170054371.8,340108740.2
33.1,46.3,63.7,126.2,256.7,763.8,1032.3,1395.3,2803.2,5612.4,16834.9,22725,34086.7,46016.1,92033.2,276095.9,372730.1,503186.2,754754.9,1509505.6,4528519.3,6113493.7,8253216.6,12379821.6,24759644.9,74278934.4,100276561.7,135373356.9,182754032.3,365508060.9
35.5,49.7,68.3,135.4,275.3,819.2,1107.2,1496.5,3006.5,6019.4,18055.6,24372.8,36558.3,49352.7,98706.5,296115.6,399756.8,539672.2,809482.2,1618959.9,4856882.2,6556783.1,8851657.3,13277482.5,26554966.8,79664899.9,107547615.2,145189279,196005527.2,392011050.4
38,53.2,73.1,144.9,294.7,876.9,1185.2,1601.9,3218.2,6443.3,19327.1,26089.1,39132.7,52828.1,105657.4,316968.1,427907.7,577675.9,866485.9,1732967.1,5198903.8,7018511.8,9474991,14212482.8,28424967.6,85274902.2,115121118.3,155413508,209808236.4,419616468.6
40.6,56.8,78.1,154.8,314.9,936.9,1266.3,1711.5,3438.4,6884.2,20649.5,27874.1,41810.2,56442.6,112886.5,338655.1,457185.1,617200.5,925770.9,1851536.7,5554612.8,7498718.4,10123269.9,15184900.9,30369803.9,91109411,122997705.2,166046900.2,224163315.9,448326627.4
43.3,60.6,83.3,165.1,335.8,999.2,1350.5,1825.3,3667.1,7342,22022.7,29727.7,44590.6,60196,120393.5,361175.7,487587.9,658244.3,987334.7,1974663.9,5923994.6,7997383.2,10796467.3,16194696.8,32389395.9,97168186.8,131177052.6,177089019.1,239070176.4,478140348.1
46.1,64.5,88.7,175.8,357.5,1063.8,1437.8,1943.3,3904.3,7816.8,23446.9,31650.2,47474.3,64088.9,128179.3,384532.9,519120.2,700813,1051185.6,2102365.4,6307099.3,8514574,11494674.8,17242007.8,34484018.1,103452053.4,139660272.6,188541366,254530844.7,509061684.4
49,68.6,94.3,186.9,380,1130.7,1528.3,2065.6,4149.9,8308.6,24921.9,33641.3,50460.9,68120.7,136243.1,408723.9,551778.1,744901.1,1117315.7,2234625.2,6703878.9,9050225.9,12217804.8,18326702.5,36653407.7,109960222.1,148446300.3,200402503.3,270543380.1,541086755
52,72.8,100.1,198.3,403.3,1199.9,1621.9,2192.1,4404,8817.3,26447.6,35700.8,53550.1,72291,144583.9,433746,585558,790503.9,1185717.8,2371429,7114290.4,9604280.7,12965778.8,19448663.2,38897329.3,116691986.9,157534182.8,212671144.6,287106045.8,574212086.1
55.1,77.1,106.1,210.1,427.3,1271.4,1718.6,2322.8,4666.6,9343,28024.4,37829.3,56742.8,76601,153204,459605.9,620469,837633.7,1256410.3,2512813.6,7538444.4,10176887.9,13738798.5,20608192.5,41216388.1,123649163.2,166926370.8,225350598.2,304223308.3,608446610.7
58.3,81.6,112.3,222.3,452.1,1345.2,1818.4,2457.7,4937.6,9885.6,29652.1,40026.4,60038.4,81050,162102.1,486299.8,656505.8,886283.5,1329382.6,2658757.8,7976277.3,10767961.5,14536747.9,21805116.3,43610235.9,130830706.6,176621454.4,238438960.9,321892598,643785189.8
64.7,90.6,124.6,246.7,501.7,1492.9,2018,2727.5,5479.6,10970.8,32907.3,44420.5,66629.4,89947.7,179897.7,539685.8,728577,983579.7,1475322.2,2950636.2,8851913,11950068.3,16132592.1,24198882,48397767.6,145193301.6,196010957.7,264614790,357229967.4,714459927.9
71.2,99.7,137.1,271.5,552.1,1642.9,2220.7,3001.5,6030.1,12072.9,36213.2,48883,73323,98983.8,197970.2,593902.6,801769.8,1082390.1,1623533.1,3247057.1,9741176.2,13150572.2,17753272.3,26629901.7,53259807.3,159779420.7,215702218.5,291197991.8,393117289.9,786234572.3
77.8,108.9,149.8,296.7,603.3,1795.2,2426.6,3279.7,6589.1,13192.1,39570.2,53414.5,80120,108159.6,216322,648957.4,876093.9,1182727.7,1774034.6,3548059.3,10644183.2,14369630.2,19399000.6,29098493.6,58196991.4,174590973,235697814.2,318192045.6,429559262.7,859118517.2
84.5,118.3,162.7,322.3,655.3,1949.8,2635.6,3562.1,7156.6,14328.2,42978,58014.6,87019.9,117474.3,234951.7,704845.6,951543.1,1284584.2,1926814.5,3853618.2,11560860.3,15607142.8,21069642.5,31604455.9,63208916.3,189626747.6,255996110,345594744.6,466552906.4,933105803.9
91.3,127.8,175.8,348.2,708,2106.7,2847.7,3848.7,7732.5,15481.2,46436.4,62683,94022.4,126927.5,253858.3,761564.5,1028113.8,1387954.7,2081865.3,4163718.9,12491162.7,16863049.6,22765116.6,34147666.5,68295337.8,204886012,276596117,373404753.7,504096418.8,1008192827.9
98.2,137.5,189.1,374.5,761.5,2265.9,3062.9,4139.6,8316.9,16651.3,49946.1,67420.6,101128.6,136520.7,273044.9,819123.5,1105818.6,1492856.3,2239212.7,4478412.8,13435244.8,18137558.9,24485704.1,36728547.1,73457099.4,220371296.8,297501251.5,401626685,542196026.1,1084392041.8
105.2,147.3,202.6,401.2,815.8,2427.4,3281.2,4434.7,8909.7,17838.2,53506.3,72226.3,108337,146251.9,292507.5,877510.6,1184641.3,1599267.1,2398823.8,4797634.1,14392909,19430404.1,26231045.1,39346557.9,78693121.4,236079362.8,318707140.7,430254635.1,580843758.8,1161687506.5
112.3,157.2,216.3,428.3,870.9,2591.2,3502.6,4734,9511,19042.1,57117.4,77100.9,115648.7,156122.4,312248.8,936733.8,1264592.7,1707201.6,2560720.4,5121426.4,15364286.4,20741762.1,28001378.3,42002057.1,84004120.2,252012359,340216685.6,459292520.4,620044904.1,1240089796.3
119.5,167.3,230.2,455.8,926.7,2757.3,3727.2,5037.5,10120.8,20262.9,60779.2,82043.8,123062.9,166131.4,332267.1,996787.8,1345665.7,1816650.3,2724888.2,5449761,16349290.8,22071516.5,29796546.7,44694809,89389624.3,268168871.3,362027977.3,488737763.9,659795982.9,1319591953.1
126.8,177.5,244.3,483.6,983.3,2925.7,3954.9,5345.2,10739.1,21500.8,64492.2,87055.9,130580.8,176280.4,352565.3,1057681.6,1427872.4,1927629.5,2891351.6,5782686.9,17348069,23419865.4,31616817.7,47425214.9,94850436.4,284551307.6,384144266.4,518594753.9,700102919.5,1400205825.5
134.2,187.9,258.6,511.8,1040.7,3096.4,4185.7,5657.1,11365.8,22755.6,68256,92136.5,138201.5,186568.1,373141,1119407.9,1511203,2040126,3060090.9,6120164.5,18360502.3,24786648.7,33461975.2,50192950.4,100385907.9,301157721.9,406562925.8,548859943.7,740960925.9,1481921837.5
141.7,198.4,273.1,540.4,1098.9,3269.5,4419.6,5973.3,12001,24027.4,72070.8,97286,145925.6,196995.4,393995.9,1181971.6,1595664.1,2154148.6,3231119.4,6462220.5,19386670.8,26171974.5,35332165,52998234.4,105996476.3,317989427,429285727.7,579535726,782373232,1564746449
149.3,209,287.7,569.4,1157.8,3444.8,4656.6,6293.6,12644.6,25316,75936,102503.4,153751.6,207560.3,415125.9,1245360.7,1681239.6,2269675.6,3404404.3,6808789.4,20426378,27575577.5,37227029,55840529.7,111681067.3,335043200,452308321.3,610616227,824331908.4,1648663801.1
157,219.8,302.5,598.8,1217.5,3622.4,4896.7,6618.2,13296.7,26621.5,79852,107789.5,161680.6,218264.2,436533.9,1309584,1767941.1,2386722.8,3579969.4,7159918.7,21479766.3,28997650,39146826.9,58720225.8,117440459.9,352321377.8,475633861.4,642105705.8,866842704.9,1733685393.3
164.8,230.7,317.5,628.5,1278,3802.4,5140,6947,13957.3,27944.1,83819,113144.5,169712.9,229107.6,458220.9,1374644.1,1855772.4,2505295.2,3757822.3,7515623.5,22546881.1,30438253.3,41091641.3,61637446.6,123274901.9,369824703.8,499263351.6,674005517.3,909907450.5,1819814883.6
172.7,241.8,332.7,658.6,1339.3,3984.7,5386.4,7280,14626.4,29283.7,87837.3,118568.6,177848.9,240091,480188,1440544.5,1944738.1,2625399.1,3937972.3,7875922.5,23627778.6,31897463.2,43061574.6,64592345.8,129184700.7,387554100.1,523198036.7,706317341.8,953528413.7,1907056809.1
180.7,253,348.1,689.1,1401.3,4169.3,5635.9,7617.2,15303.9,30640.1,91905.9,124060.7,186086.9,251212,502430.3,1507270.5,2034818.4,2747007.6,4120379.2,8240735.2,24722217.3,33374953.7,45056186.7,67584263.3,135168536,405505606,547432569.8,739033961.1,997695849.8,1995391680.5
188.8,264.3,363.7,720,1464.1,4356.2,5888.6,7958.7,15990,32013.7,96026,129622.3,194429.2,262473.8,524954.3,1574841.4,2126039.3,2870156,4305095.8,8610167.4,25830514.3,34871152.9,47076055.5,70614065.8,141228141.5,423684422.3,571973971.9,772164853.6,1042422554.7,2084845089.5
197,275.8,379.5,751.3,1527.7,4545.4,6144.3,8304.3,16684.4,33404.1,100196.4,135251.8,202873.3,273873,547753.1,1643236.8,2218373.2,2994806.9,4492066.1,8984107,26952333.5,36385607.1,49120568.6,73680834.7,147361679.7,442085036.8,596814801.5,805699973.2,1087694966.3,2175389911.7
205.3,287.4,395.5,783,1592.1,4736.9,6403.2,8654.2,17387.3,34811.4,104417.7,140950,211420.4,285411.3,570829.9,1712466.4,2311833.3,3120978.1,4681316.8,9362607.4,28087835.3,37918532.7,51190018.2,76785008.3,153570027.3,460710079.4,621958609.1,839644113.1,1133519555.2,2267039088.7
213.7,299.2,411.7,815,1657.2,4930.7,6665.2,9008.3,18098.8,36235.9,108690.5,146717.7,220071.7,297090.3,594188.3,1782540.5,2406433.5,3248688.5,4872876.3,9745725.3,29237189.5,39470159.1,53284713.7,79927050.8,159854112.8,479562335.8,647409155.4,874002350.2,1179903175.4,2359806328.2
222.2,311.1,428.1,847.4,1723.1,5126.8,6930.3,9366.7,18818.8,37677.4,113014.2,152554.1,228826.2,308908.6,617825.1,1853450,2502161.4,3377921.3,5066719.3,10133410.3,30400244.9,41040282,55404379.6,83106548.9,166213109.4,498639325.5,673163091.6,908770163.7,1226839723.7,2453679423.9
230.8,323.1,444.7,880.2,1789.8,5325.2,7198.5,9729.2,19547.1,39135.5,117387.8,158457.9,237681.8,320863.4,641734.9,1925178.5,2598995,3508646.9,5262801.3,10525573.3,31576734.4,42628540.9,57548529.1,86322772.3,172645556.7,517936667.4,699214503.2,943939569,1274318421,2548636817.6
239.5,335.3,461.5,913.4,1857.3,5525.9,7469.8,10095.9,20283.8,40610.5,121812.1,164430.2,246640,332956.7,665921.9,1997738.5,2696951.1,3640887.8,5461156.3,10922282.2,32766861.5,44235210.6,59717533.2,89576277.6,179152567.7,537457700.4,725567897.8,979516651.4,1322347482.3,2644694939.3
248.3,347.6,478.5,947,1925.5,5728.9,7744.2,10466.8,21029,42102.5,126287.5,170471.4,255701.6,345189.5,690387.9,2071135.4,2796037.1,3774654,5661799.2,11323566.8,33970716,45860412.2,61911555.4,92867310,185734633,557203896.3,752225262.4,1015504093.2,1370930528.8,2741861031.4
265.9,372.2,512.4,1014.1,2062,6135,8293.1,11208.7,22519.5,45086.7,135238.8,182554.4,273825.7,369656.5,739322.6,2217937.5,2994220.2,4042201.5,6063107.5,12126181.2,36378560.4,49110998.2,66299846.4,99449744.9,198899503.8,596698508.5,805542989,1087483023.3,1468102084.7,2936204141.3
283.6,397,546.5,1081.6,2199.3,6543.4,8845.2,11954.9,24018.6,48088.1,144241.6,194707,292054.3,394264.5,788539.3,2365585.6,3193545.4,4311290.9,6466728.6,12933421.1,38800281.2,52380317.4,70713427.2,106070114.4,212140243.8,636420728.2,859167985.8,1159876768.2,1565833640.5,3131667251
301.4,421.9,580.8,1149.5,2337.3,6954.1,9400.3,12705.2,25526,51106.1,153294.2,206926.8,310383.6,419008.5,838028,2514049.8,3393972.3,4581867.5,6872580.5,13745122.6,41235386.8,55667706.1,75151401.9,112727074.8,225454165.5,676362493.1,913089368.6,1232670634.2,1664105359.8,3328210687.7
319.3,447,615.3,1217.8,2476.1,7367.1,9958.6,13459.8,27042,54141.3,162398.3,219216.2,328817.3,443893.4,887798.5,2663359.2,3595540.3,4853984.6,7280743.1,14561445.4,43684356.4,58973811.2,79614643.7,119421935.8,238843888.4,716531661.6,967317746.2,1305878943.2,1762936577.1,3525873120.4
337.3,472.2,650,1286.4,2615.7,7782.4,10520,14218.5,28566.4,57193.2,171552.7,231573.4,347352.7,468915.7,937843.7,2813492.8,3798220.9,5127603.7,7691158.6,15382274.1,46146843.6,62298164.9,84102521.2,126153750.3,252307518.4,756922551.4,1021845447.6,1379491339.2,1862313312,3724626588.2
355.4,497.5,684.9,1355.4,2756.1,8200,11084.5,14981.5,30099.3,60262.2,180758.2,243999.6,365991.6,494077.7,988168.4,2964464.8,4002033.4,5402750.9,8103866.2,16207686.9,48623083.2,65641084.4,88615462.5,132923160.5,265846339.8,797539015.5,1076677674.3,1453514844.5,1962245044.3,3924490050.9
373.6,523,720,1424.8,2897.2,8619.9,11652.1,15748.7,31640.7,63348.2,190014.8,256494.8,384734,519379.4,1038772.5,3116275,4206977.5,5679425.8,8518865.2,17037682.5,51113071.3,69002564.3,93153460.3,139730155.5,279460330.9,838380988.5,1131814338,1527949339.7,2062731613,4125463186.4
391.9,548.6,755.3,1494.6,3039.1,9042.1,12222.8,16520.1,33190.5,66451,199321.7,269057.9,403578.3,544818.6,1089651.6,3268910.1,4413035.3,5957604.1,8936119.2,17872188.2,53616589.5,72382309.9,97716116.8,146574138.5,293148297.9,879444889.3,1187250604.3,1602788298.4,2163764207.4,4327528373.3
410.3,574.4,790.8,1564.8,3181.8,9466.6,12796.7,17295.7,34748.8,69570.9,208679.9,281690.2,422526.3,570397.8,1140810.7,3422385.4,4620227.3,6237313.6,9355670,18711287.4,56133888.4,75780659.3,102303888.5,153455794.3,306911610.5,920734826.9,1242992020.2,1678039209,2265352936.9,4530705830.4
428.8,600.3,826.5,1635.4,3325.3,9893.4,13373.7,18075.6,36315.6,72707.9,218089.3,294391.6,441578,596117,1192249.9,3576700.8,4828553.3,6518554.1,9777517.2,19554979.3,58664965.4,79197609.2,106916770.8,160375116.1,320750255,962250760.2,1299038530.4,1753701996.9,2367497700.8,4734995356.3
447.4,626.3,862.4,1706.3,3469.6,10322.6,13953.9,18859.7,37891,75862,227550,307162.3,460733.7,621976.6,1243969.7,3731858.1,5038015.9,6801329,10201665.9,20403274.3,61209851.6,82633201.5,111554820.3,167332188.6,334664401.1,1003993198.2,1355390821.8,1829777589.5,2470199751.1,4940399454.9
466.1,652.5,898.4,1777.6,3614.6,10754.1,14537.2,19648,39474.8,79033,237061.6,320001.7,479992.4,647975.2,1295967.6,3887849.8,5248605,7085624.6,10628095.5,21256131.2,63768423.4,86087269.3,116217811.8,174326674.1,348653373.1,1045960113.9,1412046158.2,1906262292.7,2573454100.7,5146908152.1
484.9,678.8,934.6,1849.3,3760.4,11187.8,15123.5,20440.4,41066.8,82220.4,246622.3,332907.4,499350.5,674108,1348234,4044646.8,5460281.2,7371387.8,11056726.6,22113391,66340203.9,89559168.9,120904876.1,181357268.9,362714563.6,1088143685.3,1468993979.8,1983141851,2677241504.6,5354482957.9
503.8,705.3,971,1921.4,3907,11623.9,15713,21237.2,42667.6,85425.4,256235.6,345884.1,518815.2,700384.7,1400788.2,4202307.1,5673123,7658724.5,11487717.8,22975371,68926145,93050185.3,125617748.2,188426575.2,376853177.3,1130559526.2,1526255365.1,2060444720.4,2781600378.4,5563200703.6
522.8,731.9,1007.6,1993.9,4054.3,12062.2,16305.5,22038.1,44276.6,88646.8,265898.2,358927.4,538379.7,726796.2,1453611.9,4360776.1,5887056.5,7947535,11920919.6,23841772.2,71525349.9,96559107.8,130354793.5,195532141.4,391064310.6,1173192925.9,1583810454.9,2138144090.8,2886494528.7,5772989002.1
541.9,758.6,1044.4,2066.7,4202.4,12502.8,16901.1,22843.2,45894,91885.1,275611.5,372039,558046.7,753346.1,1506712.3,4520075.3,6102110.7,8237858.5,12356390.8,24712712.1,74138170.9,100086412,135116654.1,202674930.5,405349889.9,1216049663.5,1641667050.8,2216250494.4,2991938173.8,5983876290.3
561.1,785.5,1081.4,2139.9,4351.3,12945.8,17499.9,23652.5,47520,95140.6,285376.4,385220.3,577818.3,780037.2,1560095.1,4680221.6,6318308.5,8529725.8,12794177.7,25588283.5,76764886.3,103632473.6,139903837.2,209855703.3,419711436.5,1259134303.1,1699831314.4,2294772249.4,3097942543.3,6195885027.3
580.4,812.5,1118.6,2213.5,4501,13391.1,18101.9,24466.1,49154.7,98413.4,295193.3,398471.9,597695.2,806870.5,1613762.4,4841221.2,6535658.3,8823148.4,13234297.4,26468520.5,79405598.4,107197430.7,144716529.2,217074739.5,434149509.9,1302448523.1,1758305511.6,2373712414.8,3204511766.8,6409023472.2
599.8,839.7,1156,2287.5,4651.5,13838.8,18707,25284,50797.9,101703.4,305061.6,411792.8,617676.2,833844.2,1667710.5,5003063.2,6754145.4,9118106.3,13676720,27353363.1,82060127.6,110781040.8,149554402.8,224331548,448663128,1345989377.2,1817085664.9,2453065620.8,3311638595.2,6623277126.9
619.3,867,1193.6,2361.9,4802.7,14288.7,19315.2,26106,52449.3,105009.8,314979.2,425180.2,637756.9,860952.5,1721927.8,5165712.8,6973722.7,9414535.9,14121350.2,28242620.9,84727902.3,114382532.4,154416416.4,231624566.6,463249166.3,1389747491.9,1876159119.9,2532814784.1,3419299965.9,6838599866.3
638.9,894.4,1231.4,2436.7,4954.7,14740.9,19926.5,26932.3,54109.3,108333.4,324948.3,438637.2,657941.9,888201.6,1776426.8,5329207.6,7194441,9712506,14568290.9,29136499.9,87409540.4,118002739.6,159303696,238955484.1,477911002.4,1433733000,1935539556,2612978372,3527520809.8,7055041552.1
658.6,922,1269.4,2511.8,5107.5,15195.4,20540.8,27762.6,55777.5,111673.3,334966.5,452160.4,678226.2,915584.9,1831194,5493507.1,7416245.6,10011942.6,15017431.3,30034778.2,90104376.5,121640764.1,164215028.9,246322481.7,492644998.6,1477934988.4,1995212240.5,2693536495.2,3636274276.4,7272548483.2
678.4,949.7,1307.6,2587.3,5261,15652.2,21158.3,28597.1,57454.2,115030.2,345035.6,465752.3,698613.7,943107.4,1886239.7,5658641.9,7639177.9,10312901.6,15468855.3,30937623.6,92812914.1,125297285.5,169151332.7,253726935.5,507453907.3,1522361714.2,2055188320.4,2774504202.2,3745580681.1,7491161290.6
698.3,977.6,1346,2663.2,5415.3,16111.3,21778.9,29435.9,59139.3,118404,355155.5,479412.8,719104,970768.7,1941563.1,5824609.9,7863235,10615379,15922556.8,31845024.1,95535116.9,128972254.9,174112541.3,261168746.5,522337530.4,1567012583.3,2115466993.8,2855880410.5,3855438562.5,7710877051.3
718.3,1005.6,1384.5,2739.5,5570.4,16572.7,22402.6,30278.9,60833,121795.1,365327.2,493143.2,739699.1,998571.5,1997169.5,5991426.7,8088438.1,10919403.5,16378578.8,32757065.6,98271242.6,132666020.3,179099124.5,268648619.4,537297277.3,1611891823.7,2176053968.5,2937672825.5,3965858322.9,7931716570
758.3,1061.6,1461.6,2892.1,5880.6,17495.6,23650.2,31965.1,64220.8,128577.9,385672.3,520606.3,780892.9,1054181.9,2108391.9,6325089.3,8538883.2,11527505.1,17290701.9,34581306.6,103743968.1,140054191,189073154.7,283609661,567219362.7,1701658079.4,2297238414,3101271825.2,4186716972.9,8373433865.8
798.4,1117.7,1538.9,3045,6191.6,18420.8,24900.8,33655.4,67616.8,135377.1,406066.7,548136,822186.5,1109927,2219883.7,6659560,8990419.3,12137079.6,18205034.2,36409966.1,109229949.1,147460256.6,199071343.1,298606939.9,597213922.6,1791641758.6,2418716381.3,3265267079.3,4408110566.4,8816221048.6
838.6,1174,1616.4,3198.3,6503.3,19348.3,26154.6,35349.9,71021.3,142193.3,426512.2,575734.6,863583.6,1165811.8,2331654.8,6994868.8,9443086.9,12748181.6,19121657.7,38243207.9,114729677,154884880.5,209094585.2,313641799.3,627283643.6,1881850921.1,2540498751.1,3429673276.7,4630058933.4,9260117778.4
878.9,1230.4,1694.1,3352,6815.8,20278.2,27411.6,37048.8,74434.6,149027.1,447010.4,603404.4,905087.4,1221840.7,2443714.1,7331042.2,9896921.7,13360859.2,20040644.6,40081176.5,120243585.3,162328647.9,219143671,328715424.2,657430895.5,1972292676.4,2662595121.1,3594503374.4,4852579565.7,9705159038.8
919.3,1287,1772,3506.1,7129.1,21210.4,28671.7,38751.9,77856.4,155877.9,467559.5,631142.9,946694.3,1278008.7,2556051.6,7668050.2,10351883.2,13975057.9,20961913,41923708.2,125771182.9,169790895.8,229217705.6,343826472.3,687652993.8,2062958970.7,2784994618.8,3759742694.5,5075652648.3,10151305199.8
959.8,1343.7,1850.1,3660.6,7443.2,22144.9,29935,40459.3,81286.8,162745.9,488160.2,658951.1,988405.7,1334317.8,2668671.2,8005904.5,10807987.2,14590799,21885494.9,43770866.8,131312661.2,177271882.7,239317037.7,358975466.7,717950984.7,2153852942.9,2907701481.7,3925396957.6,5299285904,10598571706.9
1000.4,1400.5,1928.4,3815.4,7758,23081.6,31201.3,42170.7,84725.2,169630.1,508809.4,686824.7,1030215.3,1390759.4,2781556,8344554.3,11265165.1,15207989.8,22811251.3,45622374.5,136867186.8,184770483.3,249440148.4,374160128.9,748320311.4,2244960922.4,3030697254.4,4091441248.9,5523445697.7,11046891290.1
1041.1,1457.5,2006.8,3970.6,8073.6,24020.6,32470.6,43886.2,88171.8,176530.7,529507.8,714764.7,1072124.5,1447335.5,2894709.7,8684010.8,11723432,15826650.8,23739213,47478292.7,142434944,192286946.6,259587373.6,389380962.9,778761981.7,2336285932.7,3153986018.7,4257881078.9,5748139468.7,11496278827.8
1081.9,1514.6,2085.4,4126.2,8390,24962,33743.1,45606.1,91627.3,183448.9,550259.2,742776.3,1114141.1,1504056.6,3008153.4,9024337.2,12182873.3,16446897.2,24669552.8,49338967,148016969.5,199822672,269760602.8,404640802.8,809281663.8,2427844978.4,3277590730.8,4424747438.4,5973409054.5,11946817995.1
1122.8,1571.9,2164.2,4282.2,8707.1,25905.6,35018.6,47330,95090.8,190383.3,571059,770853.2,1156255.6,1560909.9,3121861.6,9365457.1,12643385.9,17068589.9,25602061.9,51203980,153612010.9,207375969,279957553.6,419936225.1,839872510.7,2519617518.6,3401483660.4,4592002891.6,6199203916.8,12398407715.3
1163.8,1629.3,2243.2,4438.6,9025.1,26851.7,36297.5,49058.5,98563.5,197336.1,591914.1,799004.8,1198482.1,1617914.3,3235872,9707483.6,13105122.4,17691934.8,26537049.2,53073949.3,159221921.5,214949339.4,290181603.5,435272296,870544654.8,2611633950.4,3525705843.7,4759702837.2,6425598843.8,12851197565.1
1204.9,1686.8,2322.4,4595.4,9343.9,27800.1,37579.5,50791.2,102044.8,204306,612820.5,827225.6,1240812.5,1675059,3350163,10050351.9,13567995.3,18316813.9,27474337.8,54948521.2,164845639.8,222541350.1,300430817.7,450646113.5,901292292,2703876861.5,3650233774.1,4927815541.4,6652550995,13305101863.1
1246.1,1744.5,2401.8,4752.5,9663.4,28750.6,38864.3,52527.8,105533.7,211291.2,633772.8,855508.4,1283235.9,1732329.3,3464705.1,10393973.4,14031885.1,18943065.8,28413685.4,56827211.1,170481712.2,230150038.9,310702547.4,466053704.1,932107475.5,2796322411.4,3775035266.8,5096297554.8,6880001713.5,13760003295.8
1287.4,1802.3,2481.4,4910,9983.6,29703.4,40152.3,54268.6,109031.1,218293.4,654776,883859.9,1325762.3,1789738.7,3579525.4,10738429.7,14496901.8,19570839,29355314.9,58710464.9,176131476.1,237777211.2,320999229.8,481498723.9,962997517.2,2888992536.1,3900139935.5,5265188855.8,7108004970.3,14216009805
1328.8,1860.3,2561.2,5067.9,10304.7,30658.7,41443.6,56013.9,112537.5,225313.7,675833.6,912284.8,1368398.8,1847296.7,3694642.9,11083777.6,14963122.2,20200237.2,30299381.8,60598593.5,181795864.4,245424126.3,331322565,496983722.9,993967517.4,2981902536.1,4025568435.8,5434517329.4,7336598410.1,14673196680.3
1370.3,1918.4,2641.2,5226.2,10626.5,31616.2,42737.9,57763.2,116052,232350.2,696939.9,940775.5,1411133.9,1904987.8,3810026.6,11429924,15430420.5,20831090.6,31245631.5,62491087.6,187473349.2,253088721.8,341669768.7,512504524.6,1025009123,3075027352.3,4151286938.1,5604237305.6,7565720378.4,15131440612.6
1411.9,1976.6,2721.4,5384.9,10949.1,32576.1,44035.4,59516.9,119575.3,239404.4,718099,969337.4,1453975.9,1962823.2,3925699,11776936.5,15898888.1,21463522.5,32194248.9,64388317,193165040.1,260772495.4,352042862.9,528064162,1056128400,3168385182.7,4277320009.5,5774381950.2,7795415649.1,15590831149.6
1453.6,2035,2801.8,5543.9,11272.4,33538.1,45335.8,61274.4,123106.4,246474,739304.5,997961.9,1496911.8,2020785.4,4041624.9,12124709.4,16368382.3,22097340.3,33144945.1,66289704,198869203.7,268473107.2,362438688.6,543657896.7,1087315871.7,3261947597.1,4403629269.4,5944899449.2,8025614273.2,16051228393.4
1495.4,2093.5,2882.4,5703.3,11596.6,34502.7,46639.7,63036.7,126646.9,253562.6,760566.9,1026663.3,1539963,2078903.2,4157862,12473416,16839137,22732859.8,34098193.7,68196195.9,204588682,276194393.8,372862425.3,559293497.8,1118587076.2,3355761210,4530277647.2,6115874757.4,8256430939.7,16512861722
1537.3,2152.2,2963.2,5863.1,11921.5,35469.5,47946.5,64803,130195.5,260667.4,781878,1055430.4,1583112.8,2137154.1,4274365.3,12822921.1,17310969.6,23369834.5,35053625.1,70107053.3,210321256.9,283933360.7,383310030.5,574964901.6,1149929886.1,3449789639.1,4657216026.9,6287241568.1,8487776134.6,16975552107.5
1579.3,2211,3044.2,6023.3,12247.2,36438.5,49256.4,66573.4,133752.4,267788.8,803238.9,1084264.8,1626363.4,2195541.2,4391141,13173243.3,17783905.3,24008298.4,36011290.1,72022378,216067233.6,291690420.1,393782060.5,590672942.7,1181345970.6,3544037892,4784451168.8,6459009007.7,8719662178.6,17439324191.1
1621.4,2269.9,3125.4,6183.9,12573.7,37410,50569.6,68348.2,137318.2,274928,824653.2,1113171.3,1669722.2,2254074.3,4508208.8,13524442,18258024.2,24648359.6,36971351.1,73942494.6,221827586,299466886.7,404280290.2,606420283.4,1212840654.2,3638521942.2,4912004637,6631206187.8,8952128372.3,17904256574
1663.6,2329,3206.8,6344.9,12901,38383.8,51885.9,70127.3,140892.6,282084.4,846118.9,1142147.1,1713185.1,2312747.9,4625557.5,13876483.2,18733280.6,25289956.4,37933715.4,75867217.7,227601758.1,307262009.8,414803706.2,622205403.4,1244410896.4,3733232668.4,5039864117.7,6803816484.9,9185152273.8,18370304372.6
1705.9,2388.2,3288.3,6506.3,13229.1,39359.9,53205.4,71910.6,144475.5,289257.8,867635.7,1171191.9,1756751.4,2371561.1,4743185.4,14229362.2,19209667.9,25933080,38898369.8,77796521,233389670.8,315075682.7,425352164.4,638028086.8,1276056265.5,3828168775.2,5168027862.2,6976837538.1,9418730696.1,18837461212.8
1748.3,2447.5,3370,6668,13557.8,40338,54527.6,73697.6,148065.7,296445.9,889196.4,1200296,1800406.7,2430494.4,4861053.6,14582961.9,19687028.1,26577517,39864994.3,79729764.5,239189404.1,322905313.4,435922165.7,653883084.8,1307766263.7,3923298769.3,5296453354.6,7150211950.9,9652786153.9,19305572123.9
1833.1,2566.2,3533.4,6991.4,14215.4,42294.4,57172.2,77271.9,155246.9,310823.5,932322.4,1258510.4,1887726.4,2548373.4,5096814.7,15290235.6,20641849,27866526.6,41798446.5,83596658.1,250790090.2,338566221.1,457064390.7,685596414.4,1371192927.5,4113578759.6,5553331342.3,7496997230.5,10120946282.4,20241892371.9
1918,2685,3697,7315.2,14873.7,44253.1,59819.8,80850.4,162436.4,325217.7,975498.3,1316792,1975147,2666388.6,5332848.2,15998326.4,21597773,29157025.4,43734132.6,87468019.3,262404179.3,354245222.8,478231042.6,717346384.4,1434692872,4304078592,5810506116.8,7844183172.2,10589647304.7,21179294407.6
2003,2804,3860.9,7639.4,15532.9,46214.4,62471,84433.7,169635.6,339631.3,1018732.4,1375152.2,2062685.5,2784562.9,5569200,16707372.2,22554986.3,30449264.8,45672429.4,91344601.9,274033932.5,369945371.1,499426242.4,749139176.2,1498278460.1,4494835355.2,6068027747.9,8191837370.4,11058980473.2,22117960735.7
2088.1,2923.1,4024.9,7964,16192.9,48178,65125.4,88021.3,176843.4,354062.2,1062018.3,1433582.4,2150329,2902879,5805835.3,17417268.4,23513347.7,31743054.1,47613050.9,95225834,285677634.3,385664349.9,520646863.4,780970099.8,1561940311.9,4685820909.4,6325858246.9,8539908540.3,11528876553.5,23057752887.4
2173.3,3042.4,4189.1,8288.9,16853.6,50143.7,67782.5,91612.6,184058.6,368507.9,1105348.6,1492072.6,2238062.4,3021316.5,6042713.4,18127893,24472692.3,33038170.7,49555663.4,99111048,297333281.8,401399455.4,541889255.4,812833679.9,1625667476.6,4877002402.5,6583953263.4,8888336808.7,11999254716.9,23998509205.2
2258.6,3161.8,4353.5,8614.2,17515.1,52111.8,70443,95208.4,191282.9,382971.8,1148733.5,1550636.4,2325906.3,3139903.2,6279889.9,18839412.8,25433245.5,34334918.9,51500723.2,103001156.6,309003613.1,417154384,563158408.7,844737401.8,1689474925.1,5068424746.8,6842373429,9237204028.4,12470225464.5,24940450691.5
2344,3281.3,4518.1,8939.9,18177.3,54082.1,73106.4,98808.2,198515.3,397452,1192167.1,1609266,2413848.8,3258622.9,6517332.5,19551731,26394876.5,35633122.2,53447965.5,106895630.3,320687039.7,432926991.3,584451428.1,876676923,1753353972,5260061886.5,7101083568.4,9586462712.7,12941724689.3,25883449132.1
2429.5,3401,4682.9,9266,18840.4,56055,75773.3,102412.7,205757.1,411951,1235657.4,1667972,2501906,3377497.5,6755084.8,20264978.1,27357761.6,36933018.5,55397747.3,110795182.9,332385702.9,448720167.9,605772216.2,908658097.2,1817316324.9,5451948944.1,7360131097,9936176872.5,13413838806,26827677356.4
2515.1,3520.8,4847.9,9592.4,19504.1,58029.8,78442.8,106020.7,213005.9,426464,1279189.6,1726734.7,2590048.1,3496486.7,6993066.4,20978913.3,28321575.5,38234168.7,57349409.9,114698497.2,344095651.2,464528579.4,627113571.4,940670122,1881340379,5644021105.4,7619428515.5,10286228383.7,13886408347.1,27772816429.7
2600.8,3640.8,5013.1,9919.2,20168.6,60006.9,81115.3,109632.8,220263,440993.6,1322771.6,1785564.6,2678291,3615612,7231320.2,21693664.9,29286491.6,39536806.8,59303304.3,118606275,355818990,480355068.1,648479330.8,972718753.1,1945437645.7,5836312904.5,7879022445,10636680184.7,14359518279.5,28719036285.5
2686.6,3760.9,5178.5,10246.4,20834,61986.5,83791.3,113249.6,227529.5,455542,1366409.8,1844470.4,2766647.8,3734891,7469881.5,22409338.9,30252653,40841126.1,61259720.3,122519096,367557458.5,496201981.8,669872663.9,1004808744.8,2009617633.6,6028852867.2,8138951395.5,10987584264,14833238787.5,29666477292.6
2772.5,3881.1,5344.1,10574,21500.1,63968.2,86470.1,116870.2,234803.6,470105.7,1410093.9,1903438.1,2855097.5,3854295.5,7708693.6,23125765.5,31219830.3,42146816.9,63218193.6,126436031.5,379308270.4,512065559.2,691288493,1036932480.4,2073865109.3,6221595293.4,8399153671.6,11338857332.9,15307457431.5,30614914571.6
2858.5,4001.5,5509.9,10902,22167,65952.5,89152.4,120495.5,242087.2,484688.4,1453835,1962482.7,2943662.6,3973855.7,7947817.3,23843126.7,32188269.4,43454211.2,65179222,130358077.2,391074412.9,527949832.8,712732262.1,1069098125.9,2138196405,6414589179.4,8659695418.5,11690588687.4,15782294761,31564589221.6
2944.6,4122,5675.9,11230.4,22834.7,67939,91837.7,124124.8,249378.9,499287.2,1497624.5,2021592.7,3032325.7,4093548.2,8187205.6,24561281.7,33157780.1,44763052,67142420.2,134284462.5,402853574.2,543851681.8,734199757.8,1101299361.5,2202598880.7,6607796605.5,8920525444.5,12042709218.7,16257657479.2,32515314649
3030.8,4242.7,5842,11559.1,23503.1,69927.6,94525.8,127757.9,256678.2,513901.3,1541460,2080764.7,3121081.9,4213366.4,8426845.1,25280190.4,34128308.3,46073266.5,69107678.8,138214968.7,414645098.3,559770220.5,755689784.7,1133534393.8,2267068949.9,6801206812.1,9181629224.3,12395199317.5,16733519113.6,33467037908.8
3117.1,4363.5,6008.3,11888.2,24172.2,71918.4,97216.9,131395.2,263985.8,528532.1,1585345.4,2140004.1,3209939.1,4333320.9,8666757.4,25999917.4,35099941.2,47384972.4,71075174.4,142149948.9,426450044.2,575706878.7,777204272.9,1165806118,2331612402.9,6994837170,9443030208.3,12748090642.1,17209922402.8,34419844478.1
3203.5,4484.5,6174.9,12217.7,24842.3,73912,99911.8,135037.5,271303.5,543183,1629291.2,2199325,3298918.6,4453440.6,8906999.9,26720635.1,36072911.6,48698483.8,73045378.2,146090345.5,438271239.4,591665473.4,798748375.3,1198122263.6,2396244698.7,7188734056.4,9704791005.7,13101467714.7,17686981451.8,35373962567
3290,4605.6,6341.6,12547.6,25513,75907.6,102609.4,138683.5,278628.7,557848.9,1673282.1,2258706.8,3387989.4,4573683.5,9147488.9,27442092.2,37046880.2,50013342.9,75017603.4,150034784.8,450104562.9,607640441.2,820314581.4,1230471564.7,2460943305.6,7382829875.9,9966820362.9,13455207343,18164529951,36329059556.3
3376.6,4726.8,6508.5,12877.9,26184.5,77905.5,105310.1,142333.6,285962.2,572531.5,1717322.9,2318156,3477161.3,4694062.8,9388250.8,28164368.1,38021954.1,51329694.1,76992066.7,153983700.3,461951315,623633537.6,841905261.2,1262857576.3,2525715333.4,7577145958.2,10229147074.9,13809348400.3,18642620379.3,37285240403.8
3463.3,4848.2,6675.6,13208.6,26856.9,79906.1,108014.5,145988.7,293305.7,587234.1,1761423.8,2377686.2,3566454.8,4814606.3,9629341.1,28887629.1,38998357.9,52647840.6,78969223,157938001.7,473814224.8,639648446.8,863525388.3,1295287758.9,2590575703.2,7771727066.4,10491831571.8,14163972467.2,19121362870.6,38242725377.4
3550.1,4969.7,6842.9,13539.6,27529.9,81908.5,110721.3,149647.2,300655.9,601950.2,1805565.1,2437271,3655830.2,4935260.3,9870652.4,29611553.1,39975656.7,53967195.5,80948191.7,161895928,485688009.3,655678036.9,885165334.5,1327747670.1,2655495530.3,7966486546.7,10754756871,14518921617.2,19600544224.1,39201088075.4
3637,5091.4,7010.4,13871,28203.8,83913.6,113431.8,153310.6,308016,616685.9,1849765.3,2496935.4,3745324.9,5056075.5,10112286,30336443.9,40954260.8,55288312.4,82929803.4,165859140.3,497577651.8,671729035.2,906834181.9,1360250933.1,2720502060.9,8161506137.4,11018033319.2,14874344818.4,20080365546.7,40160730711.5
3724,5213.2,7178.1,14202.8,28878.4,85920.8,116145.1,156977.8,315383.7,631437,1894011.7,2556662.1,3834913.1,5177016.8,10354171.9,31062091.6,41933886.7,56610808.8,84913484.3,169826490.9,509479709.2,687796793.7,928525655.5,1392788135.4,2785576470.2,8356729364.2,11281584676.2,15230139146.5,20560687890.6,41121375390.1
3811.1,5335.1,7346,14535,29553.9,87930.5,118861.7,160649.5,322760.5,646206.3,1938312.6,2616462.4,3924611.7,5298107.2,10596356,31788633.9,42914720.3,57934935.6,86899610.7,173798732.5,521396439.6,703884360.7,950243870.6,1425365449.9,2850731103.8,8552193264,11545460941.8,15586372101.1,21041602380.4,42083204360.5
3898.3,5457.2,7514.1,14867.6,30230.1,89942.3,121581.3,164325.2,330145.3,660991.5,1982661.2,2676327.1,4014406.8,5419327.9,10838800.6,32515957.8,43896609.1,59260486.9,88887873.8,177775247.5,533325990.1,719989234.9,971985450.4,1457977811.4,2915955831.5,8747867445.9,11809621088.1,15942988294.8,21523034242.9,43046068076.3
4072.7,5701.4,7850.3,15532.8,31582.6,93966.3,127020.8,171677.1,344916,690564.3,2071365.5,2796066,4194011.4,5661788.6,11323728.5,33970721.8,45860543.4,61911801.1,92864717.3,185728912.1,557186994.9,752201553.3,1015472079.5,1523207738.7,3046415695.4,9139247035.4,12337983535.6,16656277591.1,22485974794.9,44971949162
4247.2,5945.7,8186.7,16198.4,32935.9,97992.8,132463.6,179033.5,359695.7,720155,2160123.5,2915877.4,4373724.8,5904396.2,11808950.3,35426367.2,47825667.7,64564721.8,96843970.4,193687396,581062457.6,784433389.9,1058985058.1,1588477190.3,3176954607.9,9530863770.9,12866666130.1,17369999085.9,23449498814.9,46898997183.6
4421.8,6190.1,8523.3,16864.3,34289.9,102021.3,137909.2,186393.6,374482.8,749760.6,2248926.2,3035749.1,4553528.6,6147125.9,12294416.2,36882745.2,49791780.9,67218977.5,100825226,201649884.8,604949935.2,816681446.6,1102519933.8,1653779487.6,3307559211.8,9922677580.5,13395614774.7,18084079748.3,24413507711.2,48827014957.8
4596.5,6434.7,8860.1,17530.6,35644.7,106052.2,143358,193758,389278.6,779383.6,2337781.3,3155691.5,4733438.5,6389998.8,12780168.6,38339982.5,51759054.2,69874799.3,104808830.7,209617071.7,628851507.1,848948530.6,1146080496.4,1719120315.2,3438240876.3,10314722571.7,13924875514.4,18798581739.2,25378085400.9,50756170318.8
4771.3,6679.4,9197,18197.3,37000.3,110085.4,148809.9,201126.6,404082.9,809023.6,2426687.1,3275702.4,4913451.2,6633010.5,13266198.4,39798052,53727451,72532137.9,108794710.5,217588808.9,652766729.9,881234043.2,1189665937.7,1784498460.8,3568997176.8,10706991471.1,14454438530.2,19513491802.7,26343213988.7,52686427476
4946.2,6924.3,9534.2,18864.4,38356.7,114121.1,154265.3,208499.9,418896.6,838682.4,2515649.4,3395789.6,5093578.3,6876176.7,13752537.2,41257048.6,55697099.4,75191166.1,112783124.6,225565614.6,676697158.2,913540083.2,1233279091,1849918174.4,3699836613.3,11099509778.4,14984338246.7,20228856412.2,27308956213.5,54617911907.3
5121.2,7169.3,9871.5,19531.8,39713.8,118158.7,159723.2,215876.6,433717.2,868355,2604653.1,3515932.6,5273789.1,7119455.8,14239102,42716723,57667662.8,77851429.6,116773391.5,233546126,700638703.7,945861131.3,1276912505.2,1915368279.4,3830736832.7,11492210434.4,15514484133.9,20944553352.1,28275147084.3,56550293630.6
5296.3,7414.4,10209,20199.6,41071.6,122198.5,165184.1,223257.4,448546,898044.1,2693706.2,3636142.3,5454099.9,7362870,14725936.9,44177207.8,59639320.2,80513170,120765873.8,241531068,724593541,978200123.4,1320570143.8,1980854720.9,3961709725,11885129109.2,16044924346.4,21660647631.2,29241874363.1,58483748169.8
5471.5,7659.7,10546.7,20867.8,42430.2,126240.8,170648.4,230642.8,463383.9,927751.4,2782814,3756425.9,5634521.5,7606433.7,15213070.9,45638589.8,61612188.9,83176545.7,124760808.9,249520915.7,748563095.3,1010558983.5,1364254604.2,2046381395.1,4092763082.7,12278289180.1,16575690443.8,22377181854.8,30209195567,60418390559.3
5646.8,7905.1,10884.6,21536.4,43789.7,130285.6,176116,238032.6,478230.7,957476.6,2871975.4,3876781.8,5815051.6,7850143.8,15700497.7,47100850.2,63586243.4,85841522.2,128758145.2,257515565.8,772547056.9,1042937293.3,1407965321.7,2111947455,4223895211.9,12671685565.4,17106775565.6,23094146761.4,31177098193,62354195792.8
5822.2,8150.6,11222.7,22205.3,45149.8,134332.3,181586.2,245425.9,493084.5,987215.8,2961179,3997194.6,5995667.1,8093969.3,16188155.2,48563802.6,65561232.1,88507759.9,132757373.2,265513999.3,796542368.5,1075330925.6,1451696724.6,2177544543,4355089397.2,13065268119.1,17638112014.7,23811450959.8,32145458862.9,64290917114.1
5997.7,8396.3,11561,22874.6,46510.6,138381.1,187059.2,252823,507946.1,1016970.5,3050428.9,4117670,6176376.5,8337921.5,16676066.2,50027515.6,67537247.6,91175383.8,136758680.4,273516591.2,820550155.5,1107741399.7,1495450863.9,2243175735.5,4486351791.6,13459055300.2,18169724710.8,24529128091.7,33114322993,66228645355.9
6173.3,8642.1,11899.5,23544.4,47872.4,142432.9,192536.3,260225.7,522818.8,1046747.4,3139745.5,4238235.4,6357220.8,8582055.8,17164341.4,51492321.3,69514738.2,93844999,140762974.6,281525157,844575864.1,1140176067.9,1539237665.2,2308855921,4617712172.1,13853136439.4,18701734250.3,25247340962.2,34083910370.2,68167820091.9
6349,8888.1,12238.2,24214.5,49234.8,146486.5,198015.9,267631.7,537698.2,1076537.8,3229102.7,4358855.6,6538147.3,8826301.1,17652838.6,52957792.8,71493127.6,96515827.7,144769088.9,289537363,868612493.2,1172625478.8,1583044369.2,2374565960.5,4749132260.5,14247396702.5,19233985607.1,25965880286,35053938459.3,70107876251.7
6524.8,9134.2,12577.1,24885,50598.1,150542.7,203499,275042.4,552587.1,1106347.1,3318516.6,4479552.3,6719188.6,9070701.4,18141645.7,54424194.1,73472772.3,99188351,148777745,297554652.6,892664373.1,1205095478.3,1626878867.8,2440317691.9,4880635732.8,14641907117.2,19766574668.6,26684875511.1,36024582015.2,72049163345.1
6700.7,9380.5,12916.2,25555.9,51962.2,154601.3,208985.3,282457.5,567484.8,1136174.2,3407983.8,4600321,6900337.9,9315247.5,18630744.5,55891470.4,75453598.2,101862468.9,152788793,305576726,916730604.6,1237584852.4,1670739522.1,2506108656.9,5012217672.2,15036652933.1,20299481521.7,27404299754.9,36995804746.3,73991608788.9
6876.7,9626.9,13255.5,26227.3,53327.2,158662.7,214475.3,289877.7,582392.6,1166021.5,3497511.5,4721171.4,7081609.8,9559959.1,19120174.2,57359739.3,77435764.2,104538396,156802554.6,313604226.6,940813117.6,1270096206.5,1714629849.3,2571944131.3,5143888630.4,15431665805.7,20832748901.3,28124210709.5,37967684537,75935368351.8
7052.8,9873.4,13595,26899,54692.9,162726.1,219968,297301.5,597307.7,1195883.3,3587082.8,4842080.6,7262969.8,9804789.7,19609841.9,58828722.2,79418894.1,107215624.3,160818268,321635630.8,964907341.5,1302623370.3,1758541519.7,2637811620.5,5275623618.2,15826870767,21366275600.7,28844471745.8,38940036938,77880073135.3
7229,10120,13934.6,27570.9,56059.1,166791,225462.8,304728.1,612228.4,1225756.5,3676688.1,4963035.8,7444398.8,10049713.3,20099695.8,60298263.7,81402778.1,109893870.6,164835508.3,329670088.9,989010726.9,1335162902.1,1802469886.9,2703704154.8,5407408696.2,16222225998.8,21900005165.2,29565006650,39912759060.7,79825517362.2
7405.3,10366.8,14274.5,28243.4,57426.4,170859,230961.8,312160.4,627160.7,1255652.7,3766362.5,5084084.2,7625967.7,10294825.8,20589927.4,61768938.4,83388191.9,112574182.1,168855846.3,337710742.4,1013132698.5,1367727525.3,1846432127.4,2769647499.1,5539295394.3,16617886090.9,22434146291.2,30286097162.2,40886231254.2,81772461730.7
7581.7,10613.7,14614.5,28916.2,58794.3,174928.9,236463.3,319596.1,642099.7,1285562.3,3856077.3,5205187.1,7807618.3,10540048.6,21080379.5,63240274.5,85374498.6,115255699.1,172877992.6,345755012.3,1037265519.4,1400306795,1890414140.7,2835620502.5,5671241410.6,17013724137.6,22968527655.9,31007511996.6,41860141282.7,83720281769.1
7758.2,10860.8,14954.7,29589.4,60163,179001.2,241968.2,327036.3,657047.8,1315490.2,3945846.8,5326363.9,7989379.7,10785420.9,21571130.7,64712508.1,87362016.9,117938851.8,176902592.3,353804189,1061413060.7,1432905937.2,1934422981.9,2901633747.8,5803267910.6,17409803635.5,23503234979.7,31729366875.9,42834645371.8,85669289928.7
7934.8,11108,15295.1,30262.9,61532.3,183075.3,247475.4,334479.6,672002.2,1345430.8,4035654.3,5447591.9,8171218,11030897.1,22062089.6,66185364.8,89350376.4,120623140.1,180928895.3,361856772.3,1085570822,1465518876.3,1978450449,2967674931.9,5935350288.2,17806050766.2,24038168607.8,32451527266,43809561900.5,87619122967.5
8111.5,11355.4,15635.7,30936.9,62902.6,187152.4,252986.7,341928.5,686967.7,1375393.5,4125528.3,5568909.8,8353191,11276555.2,22553412.3,67659312.9,91340209.3,123309417.4,184958181.8,369915322.6,1109746484.2,1498155981.7,2022510540.5,3033765052.6,6067530539.1,18202591516.8,24573498622.7,33174222778.2,44785200844,89570400836
8288.3,11602.9,15976.6,31611.3,64273.9,191232.3,258501.8,349382.5,701943.6,1405377.1,4215464.8,5690312,8535290.6,11522384.1,23045076.7,69134285.9,93331425.9,125997562.7,188990270.2,377979476.6,1133938957.6,1530815782.1,2066601270.3,3099901130.7,6199802704.9,18599408011.9,25109200892.7,33897420834.8,45761518222.4,91523035574.2
8641.9,12097.9,16658.2,32959.8,67015.8,199390.3,269529.5,364287.2,731888.5,1465330.5,4395296.5,5933060.7,8899406.1,12013929,24028179.7,72083554.5,97312944.5,131372618.7,197052595.1,394104081.1,1182312793.5,1596120383.4,2154762480.5,3232142912.9,6464286288.3,19392858757.7,26180359402.8,35343484807.6,47713704589.8,95427408271.8
8995.6,12593.1,17340,34308.8,69758.8,207551.3,280561.3,379197.5,761844.7,1525306.5,4575196,6175900.9,9263658.8,12505659.1,25011653.1,75033934.4,101295963.3,136749700,205117957.8,410234761.1,1230704856.1,1661449590.7,2242956908.8,3364434522.3,6728869526.1,20186608466.7,27251921513.2,36790093640.8,49666626518.7,99333252092.4
9349.4,13088.4,18022,35658.2,72502.4,215714.3,291595.8,394111.3,791808.1,1585296.8,4755138.5,6418799.1,9627998.5,12997506.7,25995361.4,77985019,105279933.5,142128065.7,213185247.1,426369294.3,1279108478.1,1726794403.1,2331172404,3496757732.1,6993515964.6,20980547777.7,28323739586.3,38237048023.7,51620014939.7,103240028897.2
9703.3,13583.8,18704.1,37007.9,75246.6,223879.1,302632.7,409028.4,821778,1645300.3,4935120.5,6661750.6,9992418.2,13489462.3,26979285.8,80936752,109264779,147507613,221254308.7,442507372.1,1327522734,1792153571.3,2419407279.5,3629110012.3,7258220543.9,21774661511.1,29395793129.6,39684320291.4,53573832505.2,107147663991
10057.3,14079.3,19386.4,38357.9,77991.6,232046.2,313672.7,423949.8,851756.5,1705320.9,5115153.7,6904771.3,10356941.6,13981557.9,27963490.1,83889324.7,113250758.1,152888690.7,229325665.9,458650041,1375950763.3,1857531333.6,2507667257.1,3761499945.5,7523000429.3,22569001163,30468151663,41132004295.6,55528205915,111056410773.4
10411.4,14575,20069,39708.5,80737.7,240216.5,324717.1,438877.1,881746.8,1765365.2,5295258.3,7147888.3,10721609.5,14473848.6,28948084.6,86843067.8,117238317.3,158271901.5,237400222.6,474799108.9,1424397989.7,1922935011.9,2595962221.2,3893942358.6,7787885274.4,23363655693.9,31540935283.1,42580262166.8,57483354045.3,114966706996.7
10765.6,15070.8,20751.7,41059.4,83484.4,248388.7,335764,453807.7,911743.8,1825422.9,5475403,7391059.5,11086358.7,14966248.9,29932898.4,89797469,121226764.9,163656311.6,245476578.2,490951774.6,1472856009.3,1988353261,2684276856,4026414277.6,8052829131.4,24158487260.6,32613957901.4,44028842685.7,59438937749.9,118877874368.7
11119.9,15566.8,21434.6,42410.7,86231.9,256563.2,346814,468742.5,941749.3,1885497.6,5655598.5,7634299.3,11451210.8,15458788.2,30917990.1,92752703.7,125216337.7,169042240.8,253555212.4,507108997.5,1521327700.6,2053789966.8,2772616407.3,4158923571.5,8317847738.1,24953543076.3,33687283255.9,45477831898.5,61395073191.2,122790145214.2
11474.3,16062.9,22117.7,43762.3,88980.1,264739.9,357867,483681.3,971762.9,1945588.4,5835842.4,7877604.4,11816160.9,15951459.8,31903346.4,95708732.4,129206982.4,174429617,261636017,523270561.3,1569812414.4,2119244253,2860979692.2,4291468465.7,8582937545.5,25748812494.1,34760896973.3,46927210401.1,63351734173.8,126703467142.2
11828.9,16559.2,22801.1,45114.6,91729.6,272920.4,368925.1,498627.1,1001790.4,2005707.1,6016169.9,8121022.4,12181280.3,16444359.9,32889159.8,98666132.2,133199478.2,179819492.2,269720569.9,539439621.6,1618319618,2184728900.4,2949383964.7,4424074841.3,8848150315.7,26544450800.2,35835008689.8,48377261202.5,65309302759.8,130618604276.9
12183.5,17055.6,23484.7,46467.1,94479.7,281102.6,379985.5,513575.9,1031824.1,2065838.2,6196534.7,8364490.7,12546475.1,16937361.8,33875176.8,101624142.8,137192798.6,185210480.6,277806792.6,555612021.5,1666836840.1,2250227072.8,3037806496,4556708605,9113417862.2,27340253435.2,36909342250.3,49827611493.4,67267275656.5,134534550033.1
12538.2,17552.1,24168.3,47819.8,97230,289285.5,391046.9,528526.1,1061860.5,2125974.8,6376915.8,8607981,12911703,17430408.4,34861283.2,104582421.6,141186481,190601957.7,285893748.3,571785887.4,1715358460.5,2315731182.9,3126237043.1,4689354392.5,9378709456.2,28136128212.7,37983773203.2,51278093264,69225426050.9,138450850784.6
12893,18048.8,24852.3,49173.1,99981.6,297472.3,402113.5,543483.4,1091911.2,2186139.9,6557382.5,8851586.9,13277104.2,17923689,35847857.5,107542104.1,145182058.4,195995993.1,293984541.4,587967428,1763903104.9,2381266375.4,3214709551.4,4822063121.8,9644126933.8,28932380641.1,39058713984.9,52729263303.4,71184505608.1,142369009861.8
13247.9,18545.7,25536.5,50526.8,102734.1,305661.7,413183.7,558445.5,1121971.5,2246324.3,6737907.2,9095271.1,13642622.9,18417128.2,36834749,110502738.2,149178920.5,201391762.8,302077935.8,604154171.3,1812463357.4,2446822638.7,3303210505.4,4954814519.5,9909629748.3,29728889080.1,40134000380.9,54180899922.1,73144215047.5,146288428703.3
13602.9,19042.7,26220.9,51880.9,105487.4,313853.4,424257,573411.8,1152040.3,2306525.8,6918483.1,9339024.4,14008245.2,18910707.2,37821920.3,113464211.6,153176915.6,206789062,310173624.5,620345503.1,1861037375.4,2512397485.4,3391736546.9,5087603548.6,10175207825.6,30525623307.4,41209591591.1,55632948040,75104480010.8,150208958592.5
13957.9,19539.7,26905.3,53235,108240.6,322045,435330.1,588377.8,1182108.6,2366726.1,7099055.5,9582772.9,14373860.4,19404276.7,38809072.4,116425627.5,157174833.1,212186256.5,318269156.1,636536520.7,1909610450.9,2577971059.8,3480260870.8,5220390001.2,10440780749.8,31322342075.7,42285161931.6,57084967983.8,77064706939.1,154129412411.8
14313.1,20037,27590,54589.8,110995.3,330241,446409.3,603352,1212193.3,2426959.3,7279726.5,9826654.5,14739675.1,19898115.5,39796763.3,119388659.7,161174932.6,217586396.7,326369106.1,652736375.2,1958210036.9,2643580423.3,3568833510,5353248926.7,10706498619.9,32119495681.5,43361319302.8,58537780419,79026003730.7,158052005957.7
14668.4,20534.3,28274.8,55944.7,113750.2,338437.6,457489.2,618327.2,1242279.9,2487196.4,7460409.3,10070552.1,15105513.8,20391986.7,40784519,122351886.2,165175294.4,222986891.1,334469587.3,668937292,2006812810,2709194089.4,3657411957.7,5486116565.1,10972233915.6,32916701564.3,44437547247.9,59990688129,80987429143.3,161974856745.6
15023.8,21031.8,28959.9,57300.2,116506.4,346637.9,468574.2,633309.3,1272380.3,2547461.2,7641175,10314561.6,15471520.4,20886084.5,41772727.9,125316472.4,169177491.8,228389863.5,342573785.4,685145642.6,2055437884.4,2774837862.2,3746031049.4,5619045169.5,11238091143.4,33714273243.2,45514269017.7,61444262502.4,82949754551.4,165899507524.5
15379.3,21529.4,29645.1,58655.9,119262.9,354839.4,479660.7,648293.4,1302484.8,2607734.1,7821965.2,10558604.1,15837576.6,21380249.3,42761070.6,128281460.1,173180231.3,233793567.7,350679081.2,701356188.5,2104069544.7,2840490526,3834662144,5751991778.2,11503984379.9,34511952948.1,46591136622.7,62898033753.2,84912345744.1,169824689872.5
15734.9,22027.2,30330.5,60012,122020.3,363043.3,490750.5,663281.9,1332598.2,2668024.9,8002809,10802719,16203741.4,21874560.7,43749706.6,131247327.5,177184158.2,239198875,358786781.6,717571543.6,2152715632.6,2906162667,3923319532.8,5884977828.1,11769956498.8,35309869300.3,47668323701.4,64352236293.6,86875519177.7,173751036702.4
16090.7,22525.2,31016.3,61368.9,124779.2,371251.7,501846.4,678278.7,1362728.2,2728348.9,8183752.5,11046968.5,16570108,22369144.5,44738887.5,134214829.6,181190292,244607161.6,366898950.7,733795836.2,2201388533.1,2971871004.9,4012025787.4,6018037176.8,12036075215.2,36108225445.2,48746104500.3,65807240356.2,88839774666.3,177679547642.2
16446.5,23023.2,31702.1,62725.8,127538.1,379460.1,512942.2,693275.4,1392858.1,2788672.7,8364695.3,11291217,16936473.1,22863726.3,45728064.3,137182319.5,185196409.4,250015425.9,375011086.5,750020062.1,2250061233.6,3037579072.8,4100731677.6,6151095978.8,12302192838.2,36906578309.8,49823880870.8,67262238440.5,90804022084.2,181608042440.6
16802.4,23521.4,32388.1,64083.2,130298,387671.6,524042.3,708277.9,1422999.5,2849019.6,8545707.3,11535558.9,17302978.4,23358497.3,46717619.6,140150944.9,189204059.7,255425759.7,383126326.4,766250496.2,2298752558.7,3103312283.9,4189471511.1,6284205695.8,12568412291.2,37705236664.4,50902069652.8,68717793280.4,92769021122.1,185538040479
17158.4,24019.8,33074.4,65441.1,133059,395886.4,535146.8,723286.3,1453152.9,2909390.3,8726790.8,11779997.4,17669628.5,23853463.9,47707566,143120743.4,193213293.7,260838231.5,391244773.3,782487344.2,2347463125.4,3169071471.2,4278246412.4,6417368014.5,12834736947.7,38504210629.3,51980684508.7,70173923320,94734796679.7,189469591556.8
17870.5,25016.6,34447,68156.9,138580.9,412315.7,557355.4,753302.7,1513458.7,3030130,9088952.6,12268867.3,18402918.1,24843382.7,49687430,149060254.3,201231645.4,271663018.1,407481431.4,814960569,2444882845.1,3300587937.3,4455793638.5,6683688787.1,13367378531,40102135370.4,54137882915.8,73086141137.8,98666290741.9,197332579606.4
18582.6,26013.5,35819.7,70873,144103.3,428746.5,579566,783321.8,1573770,3150880.7,9451147.4,12757781.7,19136274.4,25833391.5,51667474.1,155000305.4,209250726.5,282488789.4,423719566.4,847436747.7,2542311426.5,3432116366.6,4633357015,6950033785.3,13900068565.5,41700205464.9,56295277550,75998623862.1,102598142428,205196282903.7
19294.9,27010.6,37192.7,73589.6,149626.8,445180.4,601780.8,813346.5,1634092.6,3271654,9813409.9,13246787.5,19869767.8,26823585.4,53647888.4,160941467.1,217271306.8,293316584.7,439960737.4,879918998.2,2639758223.5,3563669386.9,4810953589.4,7216428580.3,14432858193.6,43298574340.4,58453075538.5,78911651114.7,106530729227.3,213061456427.4
20007.3,28007.8,38565.9,76306.5,155151,461616.5,623998.5,843375.3,1694423.3,3392443.5,10175721,13735858.9,20603359.6,27813912.2,55628568.4,166883426.1,225292963.4,304145833,456204087.8,912405607.6,2737218097.1,3695240060.7,4988573995.9,7482859123.5,14965719318.1,44897157705,60611163087.4,81825069273.9,110463843750.4,220927685398.7
20719.8,29005.2,39939.2,79023.8,160675.9,478054.7,646219.1,873407.9,1754761.7,3513248.4,10538078.4,14224992.8,21337045.2,28804365.6,57609501.7,172826144.9,233315645.8,314976466.1,472449515.4,944896371.3,2834690433.5,3826827559.3,5166217115.9,7749323736.9,15498648583,46495945490.9,62769526604.9,84738859990.7,114397461226.4,228794920275.7
21432.4,30002.7,41312.7,81741.4,166201.5,494495,668442.6,903444.4,1815108,3634069,10900482.9,14714190.3,22070826.2,29794947.7,59590692.5,178769636,241339370.9,325808506.8,488697054.2,977391357.5,2932175437.5,3958432159.1,5343883322.5,8015822980.2,16031647107.8,48094941056.3,64928170624.8,87653029385.8,118331589918,236663177584
22145,31000.3,42686.3,84459.3,171727.7,510937,690668.3,933483.9,1875460.3,3754901.8,11262924,15203437.1,22804681.2,30785629.7,61572083,184713726.4,249363905,336641639.7,504946231.3,1009889620.1,3029670270.8,4090050028.4,5521567443,8282349094.3,16564699374.1,49694097846.4,67087032298.1,90567492612.9,122266115282.8,244532228238.7
22857.6,31997.9,44059.9,87177.2,177253.9,527379,712894,963523.4,1935812.6,3875734.5,11625364.9,15692683.7,23538535.8,31776311.3,63553472.6,190657814.1,257388435.5,347474767.7,521195401,1042387868.1,3127165060.1,4221667838.3,5699251483.3,8548875088.2,17097751400,51293253915.1,69245892997.5,93481954525.2,126200638872.6,252401275343.4
23570.5,32995.9,45434.1,89896.3,182782.4,543828,735129.2,993575.7,1996190.6,3996618.7,11987960,16182138.5,24272702.7,32767414.4,65535705.4,196604431.3,265416380.8,358312505.7,537451485.6,1074899945.7,3224701338.3,4353341658.2,5877011137.1,8815514502.2,17631030266.2,52893090504.7,71405672400.1,96397656686.8,130136836799,260273671121.4
24283.5,33994,46808.5,92615.7,188311.6,560278.8,757366.9,1023631.4,2056575.4,4117516.4,12350595.8,16671648.2,25006952,33758628.7,67518160.5,202551715.3,273445226.3,369151459,553709393,1107415669.1,3322248553.8,4485030243.4,6054790724,9082183815.9,18164368931.8,54493106492.5,73565693990.2,99313685801.6,134073476112.2,268146949672.8
24996.5,34992.1,48182.8,95334.9,193840.4,576728.6,779603.2,1053685.2,2116956.5,4238406.7,12713209.3,17161127.8,25741156.1,34749782,69500493.7,208498633.7,281473578.1,379989745.8,569966300.8,1139929393.1,3419789771.3,4616710731.3,6232559379.7,9348836732.7,18697674803.6,56093024099.1,75725582765.8,102229535616.7,138009873370.9,276019744115.2
25709.7,35990.4,49557.5,98054.8,199370.7,593182.7,801845.3,1083746.8,2177353.3,4359328.4,13075917.2,17650734.8,26475551.3,35741193.3,71483342.8,214447099.7,289504019.3,390830853.2,586227439.4,1172451578.7,3517356373.5,4748425488.5,6410374298.8,9615559044.7,19231119465.7,57693358076.6,77886033642.1,105146144267.8,141947295058.2,283894587414.8
26422.9,36988.8,50932.2,100774.8,204901.2,609637.6,824088.5,1113809.9,2237753.1,4480256.2,13438643.1,18140366.2,27209983.1,36732654,73466290.7,220395862.2,297534860.8,401672501.1,602489388.6,1204975385.5,3614927839.3,4880146811.6,6588198081.8,9882294652.6,19764590719.7,59293771829.6,80046592215.3,108062898309.8,145884913023.1,291769823269.7
27136.3,37987.5,52307.4,103495.7,210433.5,626097.8,846338.9,1143882.8,2298172.4,4601223.1,13801486.5,18630156.1,27944652.6,37724435.7,75449880.5,226346550.5,305568302,412517658.6,618756602.1,1237509720.9,3712530891,5011910775.5,6766079430,10149116608.2,20298234669.1,60894703669,82207850205.1,110980596564.2,149823805674.7,299647608498
27849.7,38986.2,53682.6,106216.6,215965.8,642557.9,868589.1,1173955.5,2358591.4,4722189.3,14164327.6,19119942.9,28679317.5,38716211.1,77433457.9,232297201.3,313601692.7,423362747.8,635023713.2,1270043851.5,3810133328.1,5143673909.8,6943959658.2,10415936883.8,20831875258.6,62495625428.5,84369094587,113898276447.9,153762673525.9,307525344125.4
28563.2,39985,55057.9,108937.9,221498.8,659020.2,890842.4,1204032.2,2419018.5,4843171.8,14527217.7,19609795.8,29414081.6,39708120.4,79417303.1,238248655.6,321636168.1,434209301.4,651293020.7,1302582375,3907748944,5275454835.4,7121863904.6,10682793186.8,21365587902.7,64096763352,86530630790.3,116816350290.5,157702073221.6,315404143441.9
29276.7,40983.8,56433.2,111659.2,227031.8,675482.5,913095.6,1234108.9,2479445.6,4964154.2,14890107.6,20099648.5,30148845.4,40700029.2,81401147.3,244200107,329670639.6,445055849.7,667562320.4,1335120882.7,4005364512.6,5407235697.2,7299768064.9,10949649360.6,21899300288.5,65697900500.5,88692165947.4,119734422720.8,161641471010.7,323282938945.1
29990.5,41983,57809,114381.5,232566.8,691950.8,935356.9,1264196.5,2539894.5,5085180.3,15253128.4,20589677.9,30883874.3,41692295.9,83385707.3,250153705.6,337708009.8,455906311.3,683837489.8,1367671129.8,4103015299.4,5539064103.5,7477736410.3,11216601812,22433205229.5,67299615314.7,90854480953.2,122653547946.7,165582290073.9,331164576996.6
30704.3,42982.2,59184.9,117103.8,238101.9,708419.2,957618.4,1294284.4,2600344,5206207.6,15616152.9,21079712.2,31618910.5,42684572.5,85370287.1,256107363.8,345745460.4,466756881.5,700112822.1,1400221702.7,4200667063.5,5670893829.2,7655706536.9,11483556935.1,22967115514,68901346159.2,93016817599.9,125572702387.8,169523148577.7,339046293929.1
31418.2,43981.5,60560.9,119826.5,243637.8,724889.9,979883,1324376.5,2660802,5327251.9,15979228.5,21569815.5,32354050.2,43676988.8,87355146.3,262061860,353784042.4,477608979,716390445.2,1432776857.3,4298332572.7,5802742110.7,7833701713.9,11750549633.8,23501100949.7,70503302457.4,95179458609.1,128492267718.3,173464561782.1,346929120263
32132.3,44981.2,61937.4,122550.2,249175.7,741366.6,1002155.7,1354479.6,2721282,5448340.3,16342436.4,22060097.4,33089457.8,44669766.8,89340728.8,268018526.1,361825553.7,488465031.1,732674000,1465343875.3,4396033672.1,5934638438.9,8011761753.9,12017639627,24035280974.3,72105842522.3,97342887703.3,131412896963.5,177407411271.4,354814819166.6
32846.3,45980.7,63313.6,125273.3,254712.4,757839.8,1024423.6,1384576.1,2781748.9,5569402.4,16705565.3,22550272.8,33824705.6,45662329,91325879.8,273973897.7,369865317.5,499318724.1,748954016.3,1497903816.2,4493713540.3,6066506105,8189783100.1,12284671579.5,24569344917.5,73708034343.1,99505846668.1,134332891534,181349403949.9,362698804448.5
33560.4,46980.3,64690,127996.7,260249.8,774315.2,1046694.6,1414676.8,2842224.1,5690481.2,17068744.3,23040515.7,34560054.7,46655028,93311304.4,279930090.2,377906189.5,510173913.2,765236276.6,1530468245.2,4591406872.7,6198391947.7,8367828984.7,12551740339.6,25103482476,75310447009.7,101669103774.7,137253288595.9,185291939991.8,370583876457.2
34274.6,47980,66066.6,130720.5,265787.9,790792.6,1068968.3,1444781.1,2902706.6,5811574.6,17431967.2,23530817.9,35295492.7,47647847,95296969,285887002.5,385948033.2,521030414.1,781520504.6,1563036609.5,4689112011,6330293728.3,8545896385.5,12818841374,25637684583.1,76913053322.1,103832622303,140174038577.2,189234952474.8,378469901348.2
34988.9,48979.9,67443.4,133444.7,271326.9,807272.7,1091245.6,1474890.3,2963199,5932687.8,17795249.4,24021200.1,36031050.8,48640828.1,97282957.8,291844887.6,393991190.2,531888687.9,797807391.9,1595610292.4,4786833105.3,6462217049.6,8723992866.2,13085986028.2,26171973929.8,78515921353.3,105996494151.8,143095265541.1,193178608884.4,386357214092.3
36417.8,50980.2,70197.8,138894.6,282407.9,840241.7,1135812.1,1535124.8,3084216,6174978.8,18522007.4,25002225.9,37502558.9,50627319.5,101255993.8,303763832.8,410081790.4,553611021.9,830389845.8,1660775016.7,4982327369.3,6726133993.9,9080280734.9,13620417697.6,27240837345.1,81722511581.4,110325390973,148939276185.8,201068023271.2,402136042715.8
37846.8,52980.7,72952.4,144344.8,293489.6,873212.8,1180381.4,1595363.1,3205240.6,6417285,19248811,25983313.2,38974159.3,52613935.5,105229279,315683525.6,426173399.9,575334718.4,862974343.3,1725943828.4,5177833895.3,6990067491.8,9436590950.9,14154882888.1,28309767802.5,84929302935.9,114654559314.8,154783653383.3,208957932504.4,417915861032
39275.9,54981.3,75707.1,149795.3,304571.8,906185.3,1224952.6,1655604,3326270.5,6659601.7,19975646.1,26964443.1,40445823.6,54600637.7,109202736.6,327603735.5,442265707.5,597059357.4,895560254.5,1791115467.4,5373348903.2,7254012440.3,9792916625.2,14689371266,29378744634.7,88136233414.8,118983915474.5,160628284135.1,216848184035.8,433696363944.6
40705.2,56982.1,78462.1,155246.4,315655.2,939161.4,1269528.6,1715851.4,3447313.5,6901944.6,20702559.9,27945679.2,41917647.1,56587554.9,113176624.2,339525235.4,458359756.6,618786347.4,928149692.2,1856294159.3,5568885069.8,7517985953,10149280861.2,15223917486.4,30447837152,91343510948.8,123313740158.6,166473547394.8,224739289452.9,449478574628.5
42134.4,58982.7,81216.9,160697.1,326737.9,972135.4,1314101.7,1776094.9,3568348.7,7144271.9,21429426.8,28926852,43389375.7,58574344,117150255.5,351445966.4,474452767.7,640511936.1,960737027.9,1921468647.2,5764408624.6,7781942439.8,10505622112.2,15758429229.3,31516860714.4,94550581618.2,127643285575.6,172318433643.8,232629885905.6,465259767383.7
43563.6,60983.4,83971.8,166147.9,337820.8,1005110.2,1358676,1836340,3689387.1,7386605.6,22156313,29908050.8,44861143.3,60561185.7,121123992.2,363367013.6,490546205.6,662238101,993325227.9,1986644863.7,5959937365.1,8045905927.4,10861972814.2,16292955148.8,32585912629.8,97757737346.7,131972945822.3,178163474913,240520691635.5,481041378693.4
44992.9,62984.3,86726.9,171599.2,348904.7,1038087.9,1403254.2,1896590.3,3810435.9,7628960.1,22883261.6,30889333.9,46333037.4,62548198.2,125098070.4,375289085.3,506641026.6,683966133.1,1025916228.6,2051826681.7,6155482910,8309892100.9,11218354142.2,16827527007.2,33655056423.2,100965168709,136302978174.7,184009018524.9,248412175528.1,496824346328.3
46422.3,64985.3,89482.2,177050.9,359989.4,1071068,1447835.6,1956845,3931493.4,7871332.2,23610262.8,31870688,47805038,64535354.5,129072436.1,387212019.5,522737012,705695737.1,1058509587.2,2117013215.4,6351042602.1,8573897372.9,11574761253.3,17362137540.2,34724277565.8,104172832118.9,140633323791.3,189854985043.4,256304230344.6,512608455811.2
47852.1,66986.8,92238.3,182504.1,371077.1,1104056.9,1492428.9,2017115.8,4052583.4,8113769.2,24337458.9,32852305.2,49277433.2,66523043.4,133047867.1,399138149.7,538837312,727431165.8,1091111682.5,2182217222.4,6546654714.2,8837973412,11931263899.9,17896891376.4,35793785314.8,107381355348.2,144964830164.1,195702518582.7,264198400639.2,528396796250.2
49281.9,68988.4,94994.4,187957.3,382164.9,1137046.1,1537022.7,2077387.2,4173674.6,8356208.6,25064662.2,33833932.1,50749842.9,68510751.9,137023337.4,411064397.6,554937770.9,749166809,1123714099.6,2247421873,6742268757.1,9102052057.6,12287770065.2,18431650490.7,36863303620,110589910246,149296379289.4,201550109838,272092648850.3,544185292522.2
50711.6,70989.8,97750.2,193409.9,393251.5,1170031.8,1581611.7,2137652.2,4294752.9,8598622.2,25791788.1,34815454.5,52222095.8,70498248.8,140998384.4,422989375.8,571036515.6,770900138.1,1156313045.6,2312619581.5,6937861973.7,9366102587.8,12644238274.8,18966352671.4,37932708058,113798123542.2,153627467252.6,207397078524.4,279986056593.4,559972107858.3
52141.7,72991.7,100506.8,198864.1,404341.2,1203026.7,1626213.1,2197934,4415864.9,8841103.3,26519116.5,35797250.3,53694758.9,72486299.4,144974538.8,434917676.2,587139745.3,792639522,1188921073.5,2377835453.7,7133509681.4,9630226680.8,13000805794.1,19501203816.7,39002410425.2,117007230626.1,157959761829.1,213245676138.8,287881663389.3,575763321299.9
53571.9,74993.9,103263.7,204318.9,415432.3,1236025.7,1670820.1,2258223.3,4536992.1,9083614.8,27246535.9,36779168.9,55167606.1,74474598.6,148951190.4,446847468.1,603244988.5,814381624.1,1221533178.5,2443059480.2,7329181852,9894383798.7,13357417897,20036121837.4,40072246543.2,120216738962.2,162292598096.1,219095005035.3,295778257416.1,591556509203.2
55002.3,76996.2,106020.8,209774.2,426524.3,1269027.6,1715431,2318517.9,4658129.8,9326147.3,27974018.4,37761172.7,56640581.2,76463070.4,152928187.2,458778295.5,619351629.7,836125613.5,1254148114.4,2508289168.3,7524871007.4,10158563846.1,13714060954.8,20571086290.5,41142175525.9,123426525892.5,166625810465.3,224944841669.7,303675536889.1,607351067998.9
56432.4,78998.1,108777.3,215228.3,437613.9,1302022.3,1760032.2,2378799.4,4779241.2,9568627.1,28701342.9,38742963.2,58113236.3,78451110.2,156904320.1,470706531.2,635454772.1,857864879.5,1286755965.4,2573504686.7,7720517653.6,10422686506.1,14070626539.6,21105934534.1,42211872089.6,126635615565.7,170958081537.4,230793407553.1,311571100848.2,623142195766.9
57863,81000.7,111534.8,220684.3,448707.4,1335028.6,1804649,2439102,4900395,9811191.8,29428921.9,39725097.3,59586406.8,80439845.8,160881844.6,482638941.8,651563550.6,879611754.2,1319375229.1,2638743030.5,7916232776.1,10686901609,14427316922.4,21640969974.5,43281943047.1,129845828420.3,175291868904.4,236644020434.6,319469428254.7,638938850429.6
59293.4,83003,114291.9,226139.6,459799.4,1368030.5,1849259.9,2499396.6,5021532.8,10053724.5,30156404.8,40707101.7,61059382.8,82428318.8,164858843.8,494569776.4,667670201.6,901355756.8,1351990184.8,2703972758.2,8111922050.3,10951081816.8,14783960196.7,22175934752.3,44351872679.2,133055617298.9,179625083903.7,242493860619.7,327366712521.2,654733418812.2
60724.1,85005.9,117049.8,231596.3,470894.4,1401041.1,1893882.5,2559707,5142702.4,10296320.9,30884078.8,41689364.1,62532745.7,84417314.1,168836887.7,506503745.1,683781083.6,923105471.2,1384613708,2769219620.9,8307662729.4,11215331421,15140697156.2,22711040057.9,45422083366.9,136266249344.3,183959437178.3,248345237476.5,335266071294.3,670532136208.1
62154.8,87008.6,119807.5,237052.7,481988.7,1434049.6,1938502.4,2620013.7,5263864.5,10538902.2,31611707.7,42671565.5,64006017.2,86406186,172814684.8,518436973.3,699890965.9,944853836.1,1417235207,2834462435.2,8503391263.3,11479564629.3,15497411981.2,23246112161.7,46492227651,139476682178.9,188293521518.2,254196251271.4,343164939934,686329873337.2
63585.6,89011.5,122565.5,242509.7,493084.1,1467061.4,1983126.7,2680326.4,5385038.7,10781507.7,32339409.2,43653864.9,65479435.7,88395256.4,176792878.8,530371392.4,716002455.9,966604371.4,1449859961.5,2899711760.5,8699139330.2,11743824207.1,15854162405,23781237663.7,47562478731.5,142687435402.7,192628038383.5,260047848975.7,351064596851.3,702129187021.4
65016.3,91014.3,125323.2,247966.2,504178.5,1500070.3,2027747.1,2740633.7,5506202.1,11024091.6,33067045.9,44636076.9,66952723,90384149.7,180770718.6,542304748.7,732112511.2,988352969.8,1482481810.6,2964955275.1,8894869965.1,12008060251.8,16210881059.1,24316315511.1,48632634503,145897902699.3,196962169247.1,265898925577.7,358963550280.5,717927093729.4
66447.3,93017.5,128081.6,253423.9,515275.5,1533086.8,2072377.8,2800955,5627393.6,11266731.9,33794851.6,45618517,68426352.4,92373504.8,184749482.1,554240876.2,748226307.6,1010106618.7,1515111235.3,3030213940.7,9090646053,12272357657.9,16567682551.2,24851517615.5,49703038788.4,149109115537.7,201297306592.2,271751360929.7,366864338022.2,733728669062.4
67878.6,95021.1,130840.5,258882.7,526374.5,1566109.5,2117016.8,2861287.6,5748607.7,11509417.3,34522792.7,46601139.9,69900256,94363230.1,188728985.9,566179224.7,764343102.3,1031864315.3,1547746731.3,3095484749,9286458569,12536704241.9,16924550433.4,25386819304.9,50773642243.9,152320925886.4,205633250576.2,277604885244.1,374766595863.2,749533184594
69309.5,97024.1,133598.6,264339.9,537470.5,1599123.1,2161643.5,2921603.5,5869788.4,11752035.8,35250533.2,47583491.9,71373753.4,96352407,192707392.9,578114282.8,780455454.9,1053616015.1,1580373232.4,3160737567.5,9482217115.6,12800977967.3,17281319956.5,25921973455.8,51843950622.4,155531851004.1,209967999498.3,283456796225,382666675704,765333344125.2
70740.7,99027.6,136357.4,269798.5,548569.3,1632145,2206281.4,2981934.6,5990999.5,11994715.3,35978456.7,48566091,72847621.4,98342084.2,196686800.6,590052342.7,796571860,1075373185.8,1613007939.6,3226006798.3,9678024899,13065318162.3,17638179213.6,26457262207.7,52914528202.8,158743583727.3,214303838687.9,289310179067,390568742557.3,781137477681.4
73602.9,103034.3,141874.4,280714.5,570764.4,1698181.6,2295547.5,3102583.7,6233395.3,12480021.5,37434145.1,50531075,75795036.2,102321004.9,204644748.6,613925860.5,828801157.5,1118882784.9,1678270240.8,3356531033.4,10069597786.4,13593940935.1,18351819944.6,27527723036.6,55055450013.9,165166349124.9,222974572001.2,301015668912.1,406371153881.2,812742300028.4
76465.3,107041.3,147391.9,291631.5,592961.4,1764223.9,2384821.3,3223243.2,6475812,12965369.5,38889959,52496228.5,78742705.2,106300268.8,212603382.9,637801437.2,861033234.5,1162396136.4,1743538170.5,3487066525.3,10461204444.3,14122609298.1,19065522222.2,28598276185.5,57196556464.9,171589668442.4,231646053106.3,312722168276.1,422174928055.6,844349848076.5
79328.2,111048.9,152910.3,302550.2,615161.9,1830276.4,2474109,3343921.4,6718266.4,13450792.9,40345999.1,54461687.3,81690832.1,110280150.9,220563253.6,661680723,893270318.8,1205916247.7,1808816239.6,3617622296,10852871938.7,14651359790.2,19779335374.2,29668995645.9,59337995538.9,178013985628.9,240318881334.6,324430486256.4,437981157362,875962306388.5
82191.2,115056.7,158428.8,313469.2,637363.1,1896331.1,2563399.6,3464603.5,6960728.6,13936232,41802086.2,56427209.6,84639054.2,114260161.5,228523381.4,685560780.3,925508444.6,1249437765.1,1874096417.7,3748182284.7,11244552087,15180127365,20493171587.9,30739749698.8,61479503797.9,184438510370.2,248991989762,336139182505.4,453787897331.2,907575786026.1
85053.9,119064.1,163946.9,324387.3,659562.5,1962380.3,2652682.8,3585275.6,7203170.8,14421631,43258052.9,58392569.3,87587032.5,118239842.9,236482850.8,709438862.3,957743903.7,1292955682.5,1939371195.9,3878731473.7,11636199836.2,15708851201.1,21206948754.3,31810415180.8,63620834915.2,190862503686.4,257664380765.4,347846910232.1,469593329795.2,939186650653.4
87916.8,123071.8,169465.4,335306.2,681763.4,2028434,2741972.1,3705956,7445629.5,14907063.1,44714119,60358063.2,90535212,122219796,244442863.6,733318574.4,989981563.5,1336476570.8,2004650430.4,4009289575.1,12027874322.7,16237611132.5,21920774649.4,32881153755.8,65762312218.4,197286935560.5,266337363822,359555437230.5,485399841276.1,970799673314.4
90780.3,127080.2,174984.9,346227.1,703968.4,2094500.1,2831278.1,3826659,7688133.7,15392586.1,46170457.9,62323925.3,93483943.9,126200494.8,252404367.7,757202760.4,1022225263,1380005612.7,2069941894.9,4139872136.6,12419622189.4,16766470127.1,22634734279.7,33952092933.6,67904190727.4,203712571051.7,275011971761.7,371266157821.1,501209314106.5,1002418618674.3
93643.5,131088.3,180503.9,357147.1,726171.6,2160560.6,2920576.6,3947351.8,7930617.4,15878068.3,47626674.1,64289621.9,96432427.5,130180858.4,260365201.5,781084935.5,1054466247.8,1423530989.7,2135227862.3,4270443703.8,12811337073.3,17295284594.9,23348633798.9,35022941944.7,70045888902.9,210137665542.7,283685849351.1,382975892438.8,517017455873.4,1034034901907.3
96507.1,135097,186023.7,368068.7,748377.9,2226630.5,3009887.8,4068061.8,8173135.7,16363619.6,49083097.8,66255598.5,99381331.1,134161789,268327169.4,804970512.8,1086711825.7,1467062567.4,2200523130.3,4401033872.3,13203107761,17824174397.8,24062635020.5,36093943509.4,72187892185.6,216563675355,292360962624.3,394687295229.6,532827849674,1065655689207.6
99370.5,139105.3,191543,378989.3,770582.3,2292694.6,3099191.2,4188761.2,8415632.6,16849128.2,50539393.3,68221402.1,102329975.2,138142369.3,276288436.5,828853987.9,1118954565.6,1510590313.8,2265812651.6,4531612547.3,13594843968.3,18353017652.2,24776573401.6,37164850813.3,74329706946.7,222989119602.8,301035312385.4,406397667279.1,548636851973.8,1097273693506.4
102234.4,143114.3,197063.3,389911.8,792790.5,2358770.1,3188509.9,4309481.3,8658171.1,17334720.1,51995938.6,70187542.9,105279125.1,142123632.4,284251069.2,852741559.8,1151202836.2,1554125526.6,2331113372.2,4662213620.9,13986647371.5,18881951620.9,25490634247,38235941813.7,76471889100.9,229415666029.8,309711150088.3,418110048050.1,564448566047.7,1128897121353.3
105098,147122.9,202583,400833.2,814996.6,2424839.3,3277820.1,4430189.9,8900686.5,17820265.6,53452344.8,72153496,108227993.4,146104515.3,292212941.6,876626850.9,1183448027.6,1597656582.6,2396407857.8,4792802224.4,14378413364.4,19410835085.8,26204626912.3,39306930543.9,78613866714.6,235841598835.3,318386159402.3,429821310496,580258770382.7,1160517529722.4
107961.9,151132,208103.4,411755.9,837205.3,2490916.2,3367140.7,4550912.6,9143230.2,18305867.8,54908921.2,74119678.8,111177206.2,150085863.3,300175744.3,900514932.6,1215696986.4,1641192724.5,2461709971.9,4923406085,14770225128.6,19939780341.9,26918702995.7,40378044401.2,80756094582.6,242268282403.6,327062182246,441533941207,596070821875.6,1192141632407.3
110826.1,155141.5,213624.4,422679.8,859416.4,2557000.2,3456470.9,4671648.3,9385800.1,18791522.5,56365654.9,76086073.9,114126737.5,154067641.3,308139406.8,924405593.8,1247949427.4,1684733567.5,2527019137.5,5054024048.4,15162079201.3,20468782714.4,27632856186.2,41449273919.2,82898553771.9,248695659935.8,335739141941,453247836667.2,611884580780,1223769149915.1
113689.8,159150.4,219144.5,433601.8,881623.7,2623073.1,3545786.1,4792363.7,9628329.2,19277095.4,57822143.4,78052138,117075772.4,158048749.2,316101729.1,948292234.3,1280196440.6,1728267082.9,2592317312,5184620029.8,15553867327.9,20997696059.7,28346889190.1,42520323157.3,85040652401.4,255121955788.5,344414641368.8,464959760766.7,627695678347.4,1255391344748.9
116553.6,163159.4,224664.7,444524.2,903831.8,2689148.3,3635104.5,4913083.3,9870866.8,19762685.4,59278683.2,80018271.4,120024911.1,162029997.2,324064331.7,972179715.7,1312444588.9,1771802130.7,2657617785.1,5315220608.4,15945669245.9,21526628023.4,29060947328.8,43591410097.6,87182826435.4,261548477854.8,353090446184.9,476672097140.4,643507332485,1287014652723.1
119417.3,167168.2,230184.7,455446.2,926038.9,2755220.7,3724419,5033797.8,10113394,20248254.6,60735160.4,81984320.3,122973923.2,166011074.2,332026592.3,996066171.3,1344691352.4,1815335309.1,2722915454.1,5445815578.7,16337454339.3,22055537273.9,29774974804.7,44662451043.7,89324908480.9,267974723955.7,361765878447.7,488383930567.1,659318307644.2,1318636602740.5
122280.9,171176.9,235704.5,466367.8,948245.3,2821290.9,3813730.6,5154508.3,10355913.2,20733807.7,62191589.5,83950304.3,125922837.9,169992019.8,339988590,1019951838.1,1376937051,1858867049.8,2788210966.7,5576406236.3,16729226494.4,22584429057.7,30488978700.5,45733456619.7,91466919786.3,274400757836.2,370441024212.9,500095377222.1,675128760661.5,1350257508474.2
125144.7,175185.9,241224.7,477290.1,970453.2,2887365.5,3903048.2,5275226.9,10598448.7,21219393.5,63648116.5,85916420.4,128871950.8,173973232.9,347951122.8,1043839110.1,1409184916.7,1902401716.1,2853510867.5,5707005670.4,17121024978.9,23113356386.2,31203030581.7,46804534173.7,93609075047.7,280827223584.7,379116753000,511807610956.6,690940276236.2,1381880539322.7
128009.3,179195.9,246746.3,488215.3,992666.9,2953457.3,3992389,5395976.8,10841047.2,21705105.4,65105021.9,87883047.3,131821829.8,177955480.2,355915724,1067732587.3,1441441159.4,1945947691.4,2918827731.3,5837639030.2,17512925240.7,23642421113.9,31917267951.7,47875889960.9,95751786775.5,287255358732.6,387794735476.2,523522887171.4,706755899159.2,1413511784867.8
130874.1,183206.3,252268.5,499141.6,1014882.8,3019555.7,4081738.7,5516738.8,11083669.8,22190865.7,66562072.3,89849869.9,134772002.4,181938123.8,363881117.9,1091628442.6,1473700612.5,1989498000.7,2984151095.9,5968285391.7,17904864507.6,24171538498.4,32631576408.5,48947352378.2,97894711763.5,293684133661,396473581656.2,535239329386.3,722573096182.4,1445146178613.1
133738.9,187216.7,257790.7,510067.8,1037098.6,3085653.8,4171088,5637500.2,11326291.3,22676623.8,68019116.1,91816683.6,137722161.5,185920749.3,371846475.6,1115524189.2,1505959918.9,2033048111.9,3049474163.4,6098931158.9,18296801991.7,24700653476.1,33345881616.1,50018809921.8,100037627004,300112879346.8,405152388358.7,546955718306.6,738390221257.8,1476780428462.9
136603.6,191226.9,263312.6,520993.5,1059313.3,3151748.5,4260432.7,5758255.5,11568900.5,23162357.1,69476085.6,93783397,140672170.2,189903171.8,379811427.1,1139418717.3,1538217580.4,2076596002.5,3114793900,6229570264.3,18688719490.4,25229741473.6,34060150400.3,51090212830.3,102180432974.4,306541297222.4,413830752517.3,558671509792.7,754206539797.1,1508413065240.6
139468.2,195236.9,268834.3,531918.7,1081527.1,3217840.7,4349774,5879006.1,11811500.3,23648071.7,70932999.1,95750034.8,143622065.6,193885441.3,387776072.7,1163312327.8,1570474003.1,2120142220.7,3180111128.1,6360204352.7,19080621938.1,25758809152.3,34774391754.2,52161574593.4,104323156653.9,312969468225.2,422508783397.6,570386851353.1,770022250936.6,1540044487218.7
142332.9,199247.1,274356.2,542844.3,1103741.7,3283935.1,4439118.4,5999760.9,12054108.5,24133803.1,72389962.9,97716740.5,146572062.8,197867848.3,395740993.2,1187206763,1602731539.1,2163689941.9,3245430610.7,6490842950.1,19472537912.7,26287895092.3,35488657760.8,53232973335.5,106465954291.6,319397861102.5,431187113808.6,582102597279.9,785838507970.8,1571677000986.2
148063.2,207268.8,285401.8,564699.2,1148178.3,3416146.3,4617837.3,6241311.3,12539406.9,25105430,75304382.8,101650816.5,152473054,205834007.9,411673525.6,1235003707.3,1667257510.9,2250800099,3376091647.1,6752164287.3,20256502289.1,27346245748.7,36917431122.2,55376132842,110752273611.4,332256818990.5,448546707010.5,605538047846.4,817476366301.7,1634952717045.9
153793.2,215290.1,296446.8,586553.1,1192612.8,3548351.2,4796547.6,6482850,13024681.9,26077010.1,78218662.4,105584703.1,158373761.2,213799784,427605291,1282798350.8,1731780376.6,2337906062.8,3506746393.8,7013473045.2,21040428927.7,28404545459.2,38346135706.6,57519189183,115038386600.2,345115157885.4,465905464571.8,628972370298.1,849112701677.6,1698225387195.6
159523.5,223311.8,307492.4,608408.1,1237049.6,3680562.8,4975267,6724401,13509981.5,27048639.5,81133089.8,109518789.1,164274767.5,221765964,443537864.1,1330595417.4,1796306513.4,2425016442.7,3637407764.4,7274795050.9,21824395309.5,29462898823,39774912723,59662354172,119324716884.9,357974148668.2,483265102181.7,652407880815.4,880750640942.1,1761501265122.5
165253.6,231333.2,318537.5,630262.1,1281484.4,3812768.6,5153978.6,6965941.5,13995260,28020226.6,84047390.4,113452704,170175517.1,229731797.4,459469744.2,1378390404.8,1860829843.4,2512123033.3,3768063451.3,7536105689.1,22608327589,30521206148.7,41203627588,61805425933.9,123610860715.4,370832580088.4,500623984652.1,675842371894.3,912387203964.7,1824774390565.7
170984.6,239355.8,329584.4,652119.6,1325926.3,3944995.4,5332718.6,7207520.4,14480615.6,28991968.1,86962153.9,117387243.8,176077204,237698896.1,475404154.9,1426192984,1925363422.4,2599243460.1,3898739891.8,7797457834.4,23392384389.8,31579681577.9,42632569392.8,63948838105.3,127897685365,383693053965.9,517985624439.8,699280585351.6,944028792198.2,1888057566430.5
176714.3,247376.6,340628.8,673972.1,1370358.1,4077192.2,5511418,7449044.4,14965861,29963489,89876255.7,121320890.3,181977551.1,245664186.1,491334948.1,1473984710.9,1989882350.7,2686344108.4,4029386665.6,8058750646.4,24176263190.7,32637916707.6,44061186793.2,66091763670.2,132183536801.6,396550608204.3,535343322714.8,722713477766.7,975663197024.8,1951326375481.6
182445.1,255399,351675.4,695829,1414798.8,4209415.5,5690153.3,7690616.9,15451203.9,30935204.9,92790942.7,125255326.8,187879083.1,253631075.7,507268940.5,1521786035.1,2054414235.3,2773462247.8,4160059675.2,8320095929.9,24960299406,33696364346.4,45490091080.9,68235119566,136470248900.1,409410744428.4,552704506670.4,746151075850.7,1007303954504.3,2014607889838.5
188175.7,263421.1,362721.5,717685,1459237.6,4341633.2,5868881,7932179.2,15936526.2,31906879.7,95705506.2,129189596.6,193780365.1,261597627.8,523202257.9,1569585334.5,2118943386.4,2860576697,4290727149.6,8581430143.1,25744302410.3,34754767150.5,46918934841.8,70378384671.6,140756779418.1,422270335910.9,570064955224.9,769587681143.2,1038943371715.3,2077886723658.3
193905.7,271442.3,373766.4,739538.5,1503671.4,4473835.9,6047588.4,8173714.1,16421793.4,32878444.2,98619738.9,133123419.8,199680977.2,269563275.6,539133766.7,1617379207.9,2183465212.5,2947681257.4,4421379791.3,8842734691,26528216418.7,35813049810.2,48347616407.7,72521406484.9,145042823351.4,435128467639.4,587423433111.5,793021626034,1070579197384,2141158374393.7
199635.6,279463.4,384811.2,761391.9,1548104.9,4606037.8,6226294.6,8415247.4,16907057.4,33850002.2,101533952.2,137057216.9,205581550.1,277528870.4,555065169.5,1665172763.5,2247986609.5,3034785238.6,4552031564.1,9104037501.1,27312125213.9,36871325432.1,49776288472.5,74664414046.5,149328838781.4,447986513858.1,604781795559.9,816455415083.3,1102214812666.7,2204429604357
205367.1,287486.8,395859.1,783251.5,1592551,4738277.1,6405051.5,8656849.2,17392459,34821835.8,104448992,140992129.6,211483796.4,285496724.3,571001090.5,1712979873.5,2312526305.1,3121913922.8,4682720390.3,9365414417.8,28096256328.8,37929901185.3,51205365714.5,76808029373.8,153616069742.8,460848206671,622145080910.4,839895850050.3,1133859399938.4,2267718778298.1
211098.9,295510.6,406907.5,805112,1636999.1,4870522.4,6583816.5,8898461.9,17877882.5,35793713.2,107364163.4,144927219.9,217386309.2,293464937.9,586937730.9,1760789141.8,2377068914.3,3209046540.4,4813415116.4,9626803134.2,28880422842.9,38988524727.4,52634507471.6,78951741473.6,157903494249.3,473710480119.2,639509150118.6,863337343225.2,1165505415790.7,2331010809400.4
216830.2,303533.7,417955,826970.8,1681443.6,5002757.1,6762567.1,9140055.1,18363267,36765512.5,110279100.4,148861993.9,223288347.5,301432511,602873090.3,1808594567,2441606335.3,3296172154,4944099336.8,9888170839.3,29664526323.1,40047063173.7,54063534349.5,81095281254.6,162190574118.2,486571719654.4,656871823544.3,886776952093.8,1197148887829.4,2394297752875.6
222561,311556.1,429001.6,848827.6,1725884.2,5134980,6941301.7,9381626.8,18848608.1,37737225,113193777,152796416.4,229189858.5,309399372.3,618807026.1,1856395721.4,2506137990.7,3383289984,5074771882.3,10149515194.6,30448559753.8,41105507053.4,55492433562.4,83238629538.2,166477270992.1,499431810204.9,674232945840.6,910214466937.6,1228789532934.7,2457579042484.1
228291.9,319578.7,440048.4,870684.9,1770325.7,5267205.7,7120040.2,9623203.7,19333959.8,38708958.5,116108516.8,156730924.1,235091497.4,317366406.1,634741307,1904197911.2,2570671044,3470409701.1,5205447258.3,10410865210.9,31232610167.5,42163973860,56921363726.6,85382024248.8,170764060720.1,512292179317.7,691594444196,933652489461.2,1260430863407.8,2520861702828.1
234024.3,327603.3,451098,892547.8,1814778.6,5399465.2,7298824.4,9864842.3,19819435.5,39680940.4,119024001.7,160666437.6,240994644.9,325335476.6,650679661.2,1952012320.8,2635220593.9,3557551688.7,5336156039,10672282036.3,32016861008.8,43222711243.6,58350659169.8,87525966877.7,175051946284.8,525155835940.4,708960380689.8,957096503471.6,1292080282388,2584160540186.1
239755.6,335626.3,462145.4,914406.3,1859222.5,5531698.1,7477572.6,10106432.3,20304813.5,40652726.6,121938899.5,164601158.7,246896603.8,333302942.4,666614806.1,1999817102.5,2699757146.2,3644676129.6,5466838500.4,10933646223.4,32800953934.9,44281235442,59779666812.9,89669477806.5,179338968449.3,538016902362.6,726322820412.9,980535796841.6,1323723328503.7,2647446631815.3
245488.2,343651.1,473195.3,936269.8,1903676.5,5663961,7656361.4,10348077.1,20790301.6,41624733.3,124854458.6,168536772.4,252799901.6,341272215.8,682553566.1,2047632729.4,2764308339.6,3731820335.9,5597550608.9,11195069704.6,33585224743.5,45339999781.4,61208998646.4,91813475020.9,183626963184.9,550880886498.1,743689199049,1003980407744.1,1355373553288.2,2710747080782
251220.3,351675.4,484244.4,958131.7,1948127.3,5796214.5,7835137.4,10589704.7,21275755.1,42596670.8,127769810.2,172472106,258702779.3,349240922,698491191.9,2095444953.6,2828854939.3,3818958340.7,5728253415.6,11456474582.2,34369439741.3,46398688776.3,62638228764.8,93957319662.6,187914652775.3,563743955197.8,761054341846.8,1027423350264.9,1387021525757.5,2774043025118.3
256953.1,359700.6,495294.9,979996.3,1992583.6,5928484.1,8013935.2,10831361.8,21761267.8,43568726.8,130685517.3,176407919.5,264606376.7,357210599.8,714430760.9,2143263007.4,2893409409,3906106970,5858972158.5,11717911332.2,35153750356.2,47457506854.2,64067633145.2,96101425697.3,192202865151.6,576608592255.4,778421601927.7,1050869151118,1418673356975.3,2837346686951.5
262685.7,367725.5,506344.9,1001860,2037038.1,6060748.6,8192726.1,11073009.5,22246761.7,44540745.1,133601111.2,180343580.2,270509745,365179968.3,730369711.2,2191079205.1,2957961372.9,3993252216.5,5989685827.4,11979337934,35938030526.6,48516283832.1,65496982040.7,98245448504.6,196490911073.1,589472729948.6,795788187866.7,1074314041879.4,1450323959569.4,2900647891537.4
268417.5,375749.3,517393.3,1023720.6,2081486.3,6192994.1,8371491.4,11314622.6,22732186,45512624.2,136516287.4,184278677.1,276412267.6,373148195.2,746306378.3,2238888553.4,3022504090.1,4080384979.9,6120380772.2,12240727087.7,36722198352.7,49574909145.3,66926126188.8,100389164191,200778342752.7,602335024916.1,813152286126,1097755574273.2,1481970028367.2,2963940028530.8
274150.9,383775.3,528444.8,1045587.3,2125946.8,6325276.5,8550306.5,11556302.9,23217745.5,46484773.9,139432275.3,188214869.6,282316433.6,381118640.6,762247482.5,2286711212.9,3087064777.5,4167542003.1,6251112105.5,12502189018.3,37506584509.5,50633829204.6,68355668244.2,102533476738.1,205066968153.9,615200901048.3,830521218957.7,1121203633339.7,1513624908173.1,3027249787540.2
279883.4,391800,539494.6,1067450.5,2170400.3,6457538,8729093.4,11797945.2,23703228.6,47456770.5,142347804.2,192150442.5,288219670.2,389087831.4,778186077.4,2334526344.4,3151615302,4254685306.4,6381822859.6,12763609790.7,38290847191.6,51692582573.3,69784985267.2,104677451736.7,209354918458,628064751889.2,847887417646.1,1144648001312.8,1545274805003,3090549580597.7
285615.4,399824.1,550543.4,1089311.9,2214850.1,6589788.4,8907865.2,12039567.1,24188670.7,48428685.2,145263087.2,196085683.6,294122409,397056350.2,794123328.3,2382337443.9,3216160383.4,4341821261.5,6512522591.8,13025008519.2,39075043742.1,52751246664.4,71214181765.5,106821245948.3,213642507188,640927518007.9,865252151959.5,1168090392379.7,1576922033009.5,3153844036008.3
297080,415873,572642.2,1133036.9,2303754.2,6854302.5,9265426.9,12522835.3,25159603.9,50372612.6,151093947.5,203956562.9,305928482.5,412994192.1,825999438.7,2477964468.9,3345257061.2,4516101966.9,6773935248.6,13547832361.2,40643515997.9,54868681705.5,74072719021.6,111109050760.7,222218117426.5,666654348580.7,899983373339.2,1214977540729.8,1640219683414.5,3280439335613.7
308544.3,431921.5,594740.5,1176760.8,2392656.1,7118810,9622979.7,13006091.5,26130513,52316491.7,156924662.9,211827246.7,317734262.6,428931638,857874757,2573589117.8,3474350531.2,4690378341.8,7035341409.8,14070643212,42211949280.3,56986064132.5,76931185248.6,115396749029.6,230793514578,692380539892.4,934713731716.4,1261863524026.6,1703515760997.5,3407031489575
320009.8,447971.7,616841.1,1220489.2,2481567.2,7383345,9980569.6,13489397.9,27101522.9,54260572.5,162755983.4,219698747.2,329541267.8,444870737.7,889753383,2669223689.4,3603457396.9,4864672801,7296774696.6,14593508313.8,43780545315.6,59103666275.7,79789948092.4,119684892223.5,239369801579.7,718109400754.8,969447693987,1308754372579.4,1766818406676.2,3533636779727.6
331475.8,464022.5,638942.5,1264219.3,2570481.8,7647890.3,10338173.4,13972723,28072570.5,56204728.8,168587530.3,227570553.3,341348731.4,460810456.2,921633246.7,2764861974.2,3732569275.4,5038974027.5,7558218134,15116393716.7,45349202254.3,61221350638.4,82648821932.6,123973201911.9,247946421570.3,743839260583.8,1004183004862.6,1355647041748.9,1830123510187.4,3660246985545.2
342941.5,480073,661043.5,1307948.6,2659394.8,7912430.8,10695770.8,14456039.5,29043600.7,58148850.4,174418973,235442218.7,353155984,476749889.9,953512540.7,2860498549.9,3861678846.6,5213272139.1,7819656899.3,15639269775.4,46917831160.3,63338997157,85507644683.2,128261434966,256522888292.4,769568660607.4,1038917695000.8,1402538872923,1893427482404.8,3786854928775.2
354406,496121.8,683142.2,1351673.3,2748298.4,8176943.4,11053330.4,14939304.9,30014528.3,60092766.5,180249799.3,243313052.1,364961988.5,492687638.7,985388464.9,2956125016.4,3990774770.4,5387551826.7,8081068029.4,16162090564,48486294256,65456419832,88366165245,132549214736.9,265098448448,795295340931.5,1073648713544.7,1449425747444.8,1956724763141.6,3913449489044.2
365871,512171.3,705241.9,1395399.9,2837205.9,8441467.5,11410905.6,15422591.4,30985498.3,62036767.5,186080880.3,251184229.3,376768508.8,508626083.8,1017265781.7,3051755660.7,4119876334.2,5561839128.3,8342490580.2,16684934193.7,50054825875.2,67573935013.6,91224810690.7,136837181833.6,273674383255.3,821023145210.6,1108381249427.9,1496314670374.6,2020024809229.2,4040049580014.8
377337.4,528222.7,727344.2,1439131.7,2926123.9,8706023.1,11768523.4,15905935.4,31956583.8,63980999.8,191912655.1,259056343,388576433.9,524566425.3,1049146891.3,3147397683.1,4248993258.5,5736147166.6,8603944235,17207840031.3,51623544118.1,69691702136.9,94083796257.7,141125659112.3,282251338426.5,846754010581.5,1143117917785,1543209172144.1,2083332386750.4,4166664733852.5
388804.7,544275.4,749448.2,1482866.9,3015048.8,8970599.1,12126168.8,16389316.8,32927744.4,65925382.4,197744880.7,266929065.3,400385271.7,540507999,1081030465.3,3243047098.7,4378120163.6,5910468679,8865418100.3,17730786289.9,53192383623.8,71809632964.8,96943002826,145414467892.7,290828956601.3,872486864963.1,1177857271306.5,1590107298885.6,2146644857983.7,4293289675114.3
400270.6,560326.1,771549.4,1526596.6,3103962.6,9235142.1,12483769.5,16872637.8,33898783.6,67869521.9,203576377.2,274800803.4,412192633.4,556447579.9,1112910053.7,3338684557.6,4507230927.2,6084768400.3,9126859280.1,18253667177.6,54761027016.9,73927299040.9,99801851979.3,149702740550.9,299405502531.5,898216502610.9,1212592282237.3,1636999563129.7,2209949414845.6,4419898787633.4
411738.4,576379.4,793654.3,1570333.6,3192891.1,9499728.9,12841429.5,17356038.9,34869983.8,69813983.7,209408840.4,282673846.4,424001952.3,572389803.1,1144794926.7,3434337870.2,4636363093.3,6259097015,9388343798.5,18776634742.2,56329930440.9,76045316158.4,102661175038.5,153991724067.7,307983470179,923950405410.7,1247333051123.4,1683899600613.4,2273264465580.9,4546528887899.1
423205.3,592431.6,815757.6,1614067.4,3281813.1,9764296.3,13199063.3,17839404.6,35841112.8,71758303.1,215240876.6,290546313,435810406.7,588330859.1,1176677465.4,3529984179.9,4765485805.4,6433412866.9,9649809173.3,19299564019.8,57898719003.7,78163178213.4,105520288763.3,158280393583,316560809823.5,949682424201.4,1282071276597.2,1730796204490.5,2336574880947.3,4673149717427.1
434669.9,608480.6,837856.5,1657792.5,3370717.4,10028811.1,13556625.9,18322674.1,36812048.5,73702235.5,221071751.9,298417212.6,447616510.6,604268742.1,1208553657.9,3625611451.3,4894582815.9,6607694021.5,9911222503.8,19822389209.1,59467195301.5,80280618711.2,108378833385.9,162568209445.2,325136442161.6,975409321073,1316802587480.2,1777683473670.2,2399872694472.2,4799745343272.2
446136.5,624532.3,859959.2,1701525.1,3459636.9,10293371.1,13914249.7,18806026.2,37783150.3,75646500.5,226903624.7,306289458.7,459424634.1,620209351.5,1240435303.4,3721255081.4,5023701910.6,6782004989.8,10172680553.5,20345303836.4,61035939913.6,82398421432.8,111237867010.6,166856758810.4,333713541505.8,1001140618962.9,1351539839737.9,1824578763705.6,2463181336152.4,4926362625427.7
457602.2,640582.8,882060.2,1745254.3,3548549.6,10557910.7,14271845.9,19289341.1,38754177.3,77590615.6,232735047.9,314161097.8,471231847.2,636148731.8,1272314490.7,3816891337,5152811049.7,6956302518,10434118443.7,20868178145,62604563569.4,84516060863.6,114096680192.8,171144977511.8,342289979522.5,1026869932870.3,1386274413619.2,1871470437932.8,2526485096491.5,5052970144901.2
469069.7,656635.8,904164.6,1788990.4,3637476.3,10822491.9,14629498.4,19772732,39725357,79535036.4,238567388.2,322033974.9,483040917.3,652090619,1304198691.8,3912542633.9,5281940494.6,7130627459.1,10695597451.9,21391134689.3,64173433932.4,86634033348.8,116955942998.4,175433870648.2,350867766409.3,1052603293388,1421014450424.5,1918369487107.4,2589798813009.6,5179597576732.4
480538.5,672690.5,926271.4,1832731.2,3726412.6,11087101.8,14987189.6,20256175.3,40696642,81479668,244400360.8,329907705.6,494851267.7,668034234.6,1336086349.8,4008204301.3,5411083939.7,7304971300.5,10957104809.6,21914147932.5,65742474392,88752235464.2,119815515804.7,179723228785.5,359446483298,1078339443911.3,1455758253737.4,1965273621067.2,2653119393987.7,5306238737483.5
492004.1,688740.9,948372.2,1876460.2,3815324.8,11351640,15344783.9,20739487.6,41667663.9,83423772.9,250231753.4,337779303.5,506658418.9,683973531.4,1367965370.1,4103840055.9,5540192402.5,7479267915.7,11218541330.4,22437019502.2,67311089831,90869863802.4,122674314011.8,184011425024.3,368022876389.5,1104068623043,1490492645671.6,2012165049665.9,2716422822728.3,5432845593759.9
503472.7,704795.5,970478.8,1920200.5,3904260,11616246.7,15702470.8,21222925.1,42638937.1,85368381,256064655.6,345652939.1,518468626.6,699916954.4,1399852642.9,4199500567.6,5669334287.4,7653609650.8,11480045528.8,22960026426.8,68880111335,92988040327.6,125533852271.4,188300731341.6,376601489638.1,1129804462646.1,1525236029242.2,2059068616973.6,2779742638726.1,5559485224550.4
514941.8,720850.7,992586.3,1963942.7,3993199,11880864.8,16060173.1,21706383.3,43610252.1,87313072.7,261897808.5,353526913.1,530279341.9,715861062.6,1431741286.1,4295165190.5,5798481722.5,7827958878.6,11741560965.9,23483055828.8,70449200271.2,95106307886.3,128393513426.1,192590222001.6,385180471572.1,1155541408305.2,1559980905988.3,2105974200068.3,2843065176036.3,5686130297965.7
526409.6,736904,1014691.2,2007679.7,4082127.5,12145451.7,16417833.2,22189784.5,44581452.4,89257534.8,267730272.7,361399957.5,542088662.8,731803288.5,1463626164.5,4390818519.3,5927613910.5,8002287522.8,12003045528.6,24006023482.1,72018103961.2,97224325362.9,131252836970.1,196879206245.6,393758440674,1181275315468.2,1594721680764.7,2152874245503.8,2906380237506.6,5812760419701.4
537874.8,752953.8,1036791.2,2051407,4171036.2,12409979.6,16775413.6,22673078,45552436.4,91201563.9,273561438,369271248.6,553895353.9,747741964.1,1495503942.4,4486450546.7,6056717341.5,8176577345,12264471860.2,24528874673.5,73586658265.5,99341871169.3,134111523759.3,201167235357.6,402334499511.9,1207003491839.1,1629454718971.8,2199763846570.9,2969681199079.5,5939362341642.5
549342.3,769006.8,1058895.6,2095143,4259962.7,12674560.4,17133065.4,23156468,46523614.3,93145981.2,279393767.9,377144111.6,565704402.8,763683822.8,1527388086.5,4582101672.4,6185846555.2,8350901974,12525950400.3,25051830281.5,75155525819.7,101459839862.6,136970781445.8,205456120815.4,410912271041.5,1232736806285.1,1664194693580.3,2246662811779.8,3032994802243.9,6065989546766.3
560807.1,785056,1080994.8,2138868.6,4348868.1,12939078.5,17490632.5,23639743.5,47494562.1,95089937.8,285224715.8,385015109.2,577510653.7,779621904.2,1559264675.9,4677730134.3,6314945172.8,8525185298.2,12787366985.2,25574661979.5,76724021643.6,103577306720.5,139829361654.6,209743990056.8,419488010138.1,1258464023432.3,1698926436835.3,2293550664661.6,3096293403766.7,6192586748607.3
572275.6,801110.4,1103101.1,2182608.5,4437802.5,13203682.7,17848315.9,24123176.3,48465825.9,97034527,291057561.2,392888668.2,589320746.6,795565172.1,1591151638.5,4773389715.5,6444085801.6,8699525337.5,13048868640,26097663817,78293027886.2,105695462642.9,142688872100.4,214033254653.5,428066539945.4,1284199612711.5,1733669482468.6,2340453775753.9,3159612603873.7,6319225147616.3
595212.4,833218.9,1147313.4,2270087.4,4615669.6,13732886.3,18563676.4,25090033.2,50408336.2,100923670.8,302723148.3,408635646,612940722.1,827451424.2,1654924996.2,4964707175.3,6702364760.5,9048202313,13571867295.1,27143658182.8,81431012443.9,109931736785.6,148407842094.2,222611707500,445223446866.4,1335670333189,1803154955325.9,2434259163086.1,3286249877037,6572499691532.8